8028
1778
5066
7238
2785
3424
6381
7599
563
1443
7902
2907
2290
9642
7931
5969
2881
9712
478
633
9881
8894
9514
5095
1397
4813
5396
1920
6246
9679
2148
4929
6784
3621
128
267
1514
6147
8494
2696
213
5465
5824
8427
9088
7701
5295
2658
7244
1952
2878
3387
8625
2525
3143
3059
5500
6744
7523
6103
562
5232
4077
3557
4756
1750
6194
5588
7052
1322
30
8981
574
8654
6928
9416
6706
3654
7622
7723
5122
7250
9554
5204
3022
8624
7318
5579
1304
4511
8938
153
8874
2239
7440
8383
8839
847
8031
8214
1963
8790
6068
9222
3415
2489
9984
6948
8587
7315
6313
8584
2559
1455
1088
8654
5640
3553
2981
8231
4352
7035
8791
2828
3200
7568
1138
2143
7617
5243
1558
9537
2604
9766
9581
329
4725
5181
9830
5759
7389
471
4714
3851
633
3760
9826
9280
6970
774
2855
1852
4314
2726
4474
7201
5463
4849
1470
3940
1179
4435
8198
8637
506
6419
2333
3718
7652
5313
4843
3672
9489
4581
2147
1804
1520
8468
476
3145
3050
6681
8605
9151
4177
9376
5343
6325
8244
8427
2416
3981
3427
1100
1717
6072
6244
3949
8298
8170
7946
7983
6910
3520
1983
990
447
1388
7056
9263
3200
6879
5590
8926
488
3825
1934
6550
8936
1416
8032
9817
8421
817
6899
1618
7573
182
5822
5169
9562
5198
1892
3448
3900
7566
2193
3624
2991
5691
9805
5974
9213
231
4603
7254
9520
2164
4775
482
9694
2521
978
6661
9679
1073
76
9087
4762
5888
9543
7585
4732
6902
6753
8264
4635
4435
9660
4204
6233
7935
6623
3846
8877
1118
3530
6827
2129
7169
5775
1462
184
1693
1145
4183
9914
1688
7203
8840
161
5986
3390
2977
9847
6332
3713
8932
6356
8530
657
9944
3738
9962
4720
5305
2299
3167
6864
4061
7314
5157
3081
3735
4819
8669
1260
9140
6663
4653
597
6462
5379
4953
2902
9476
1782
353
3310
8037
4699
1961
5181
3761
2714
3220
225
4226
2422
5775
283
4950
6305
4878
1607
7889
6075
9037
5968
6285
4063
4244
5467
8310
6095
5238
9550
6148
4160
5001
3378
2894
6165
8964
6460
6977
3046
2246
9253
2702
626
6649
3272
5901
4719
9121
7220
5750
3217
4914
7582
7312
8131
6758
7224
4530
3911
6067
9617
72
5758
3347
9488
6686
3088
2831
2956
4528
8828
658
1467
309
4820
6856
4253
7058
7220
8831
3429
7772
3518
8119
4336
2320
4546
2755
1300
4572
694
4741
5569
5918
1416
5860
7887
2113
1107
5327
2863
2663
2397
9639
6144
5878
40
8378
8211
8139
4677
9714
577
2932
5977
5848
1137
3764
8937
1786
5456
5211
5422
430
9940
8033
5445
3265
935
7529
9138
8621
1112
9154
866
8920
737
1757
1544
4152
6817
6763
3819
1353
7528
1124
7543
8846
2814
2909
9661
9635
4605
1064
3530
478
1700
5014
7535
1905
5046
5586
1843
9703
8872
6001
5160
272
1944
584
405
626
1064
9279
9399
8820
5857
8045
1834
2081
9875
8788
3090
8055
8119
7603
8757
9199
5141
6794
1163
1605
1130
4379
4602
7313
5551
4633
1542
3488
9266
4549
1612
2803
6384
4096
8846
6781
6539
2596
359
7919
6757
9655
1391
7003
9647
6681
7490
9173
1247
4218
4502
6031
7527
1086
982
1361
3300
3616
5655
4872
1078
7166
4662
1794
283
7515
9430
6116
9143
6768
6238
1797
2574
6941
2812
9375
9428
4540
5608
5051
1573
1125
3831
5550
5452
8110
2710
4854
4014
8861
9049
8224
3188
7541
6656
4864
2462
2060
7912
3023
3514
8038
420
397
4375
1708
4465
8246
9108
2337
7833
9849
4624
8929
9437
2595
6931
1725
2142
8317
8832
6323
8216
8325
9907
7133
7896
7979
7446
7302
2711
633
3967
4261
411
2319
2894
3608
7607
6602
9052
9157
9571
3750
4730
3696
4029
9523
5240
3215
7233
6720
144
7209
6125
6927
7608
9031
9979
861
9715
3199
8554
3122
5977
1063
1485
1257
798
2330
5424
9580
8158
7530
1260
5399
3423
5727
3647
8980
7848
2519
9011
8899
6086
5683
6251
1236
794
9715
6394
4531
1323
5915
3641
2318
5366
1730
414
1670
3445
1565
3316
9202
6174
1453
5215
5705
3314
1637
1063
6759
1854
4371
1544
9481
7547
9073
9113
4900
659
3324
5619
1360
2032
6160
9297
6818
9993
9607
1681
6960
2132
5453
1680
1615
8510
6902
4972
4140
4472
8934
1697
7160
1926
6948
4412
3307
7672
573
1305
1495
6159
8426
6712
7619
1935
12
2138
3596
3945
2984
6206
141
9848
7542
1188
6819
3554
4853
7139
7535
3296
3101
2022
857
741
3004
7680
2359
3858
4449
7029
510
7569
7287
7412
8527
6585
2252
8720
2113
4226
2493
2565
7014
9527
2243
579
915
2486
6800
5734
1382
3898
7175
470
5255
1926
3520
9364
5179
2261
3744
2126
5836
2550
7631
4733
5796
4620
2194
2706
932
9944
1000
710
1844
4798
8784
6934
830
1592
2770
9039
3630
1976
3828
845
7351
5494
3845
5408
8796
4797
485
616
6751
4718
6918
8057
7687
7893
2012
4516
6828
4004
5995
8189
5530
3237
7665
8465
1563
7079
1843
8937
987
1192
9945
8227
9100
5789
2334
2146
3149
8643
8384
3723
1404
4701
9104
4733
1555
4095
7573
3491
6397
7295
4487
8871
6283
2123
9615
9795
5913
2390
5168
2766
7715
2050
3707
7383
5270
1918
1498
1283
8011
8239
8049
1414
2806
3708
3909
8173
8895
1884
1766
2552
172
5381
396
4160
2794
6684
7042
9743
6721
8016
1482
7659
6932
3270
4167
3674
3807
697
1639
7357
2413
9791
4683
6430
7312
9593
8590
8443
2896
8515
331
5352
9228
7689
4445
6723
9914
853
7997
1604
1605
3815
5125
7393
4410
5669
3336
6461
8696
2088
7000
7715
6566
8271
8292
818
5610
5418
2202
5365
8487
9959
192
5939
4299
9199
6555
6704
6821
518
2620
5937
195
3821
6562
1732
4872
8535
757
5019
5323
7137
4401
4980
6288
6923
6390
4969
6208
520
2371
4109
4888
3539
282
913
7388
4634
732
449
7703
9276
2100
5845
3870
3562
5394
8274
795
8503
589
6938
8334
8416
4386
2027
9925
9258
9206
9144
1415
4073
4557
3288
654
3052
4880
4086
5875
5150
2467
1726
4923
6683
128
4759
7995
9873
5885
6799
3703
938
1185
9039
1999
2961
4862
9446
7778
3564
7383
7513
5835
1152
3827
5556
1231
6394
9436
3636
9133
7522
8623
5445
4697
9005
6855
6720
6656
3214
4968
6109
7971
3803
7175
775
3069
7711
7247
5520
4023
9903
2191
4687
7347
1300
9115
704
8997
5693
8901
1769
7637
5839
9829
3877
5267
2475
5343
9166
9899
2477
2772
3380
7122
4045
4040
143
6145
7450
5106
8692
1137
9612
8226
4749
595
9592
9997
1253
5817
9931
8559
6875
4574
5689
5374
5378
7578
9039
524
8209
3462
2308
5638
6004
2625
6465
5201
2091
1531
5243
5297
2537
6822
7309
8617
2788
2973
197
5955
552
8091
74
7360
8189
9957
849
597
5610
8444
4611
652
6425
1016
2917
1630
5935
5195
5097
1590
9428
5600
5377
1616
3230
3427
5394
2733
8936
3111
2446
8145
3372
4297
6695
3742
2945
7235
2477
6782
1257
6231
9824
1259
3132
8897
2395
8560
6535
8589
7087
3736
6231
3655
8802
935
9521
9875
1047
6384
4894
1862
9391
3663
9004
5049
106
3967
6038
2405
798
3551
6250
9024
3284
1613
7177
3346
1526
4505
1922
5911
9070
6343
3750
5289
1068
1845
5202
6084
5735
4530
2973
5789
8877
2317
6851
5638
2982
2953
2180
5622
9298
3753
486
5305
7318
3666
2214
244
1103
818
8812
8404
6042
5372
8825
2247
2766
5802
4081
9892
7211
6485
7620
3148
7101
5890
4529
1085
5487
7597
559
5311
1408
860
1051
7124
6230
3518
4494
7346
1743
7654
867
6754
2742
7616
4782
8789
2466
768
7450
6481
4017
3621
9459
2379
4677
9910
8459
3688
2903
2610
1997
4779
9697
8859
5935
5775
7052
5366
3144
9023
6201
1981
5538
4884
7529
2787
4852
4546
2159
7352
4056
298
2485
9572
1815
3090
5203
7917
6960
3073
5759
8848
8609
1326
7561
4642
260
9968
2792
7959
2950
3491
4181
8102
3417
6257
8754
8090
8074
9888
5193
7454
2573
9486
6241
2943
9756
9543
6323
8230
5853
8740
2450
4138
5960
7855
3412
2902
4995
6504
8192
3557
9641
2553
9658
670
74
2675
3642
5308
7704
3781
6715
5408
6573
2799
8205
2512
1620
6640
3290
3215
6550
5114
4375
6611
7723
6987
7367
3524
8181
3450
7977
9384
7674
3833
685
208
411
5572
9669
378
2122
4151
6611
1623
1992
9031
5093
4937
3051
8411
5038
1054
6650
9092
3554
531
2839
7666
439
1479
8647
5808
7605
1581
515
5513
1711
1121
5502
9820
8433
5474
8243
743
4942
8728
7110
8940
4420
4958
3533
8999
2736
11
3037
93
2760
4626
5174
4278
6224
9212
2235
3695
6522
1665
3421
3570
8395
2223
1939
25
2039
3584
7425
482
9887
210
5012
9670
4002
8105
5420
6147
861
5198
7478
2609
8147
2917
5677
8256
5092
1541
519
3015
3915
5480
8727
1509
4921
9744
3683
9324
1971
5594
3872
5337
8182
1563
8564
1674
3957
5903
5471
7184
757
7846
4711
1249
4373
8048
7038
2194
879
3045
2025
8627
6959
4657
3628
2604
3811
2857
6403
686
468
9866
5550
2682
8055
3927
7883
8141
1207
3575
8886
7512
6704
7072
3048
8291
2229
7118
848
6459
69
7959
5953
29
1573
563
458
4631
8240
1688
4327
710
4406
4317
7589
8154
4674
228
307
6918
6480
249
5834
1590
4476
4143
7468
3730
8768
10
7254
8301
3494
2564
8397
9524
5671
763
9481
7105
6853
7839
9583
5925
1670
1002
8194
1019
8077
3826
2866
4934
3814
1661
489
6423
2413
9249
5211
7827
9929
218
7123
3464
512
82
1065
2896
4914
7968
4165
1018
1074
7403
4049
1587
33
3189
7054
2028
3618
9655
7252
5121
2556
5364
2564
7548
4981
765
3878
6159
5662
8182
6691
300
5705
8069
2501
2585
961
1496
8974
1073
4926
6482
3695
2979
8533
4947
6248
3784
4905
7864
7292
5845
1866
8429
1342
7520
8837
7023
2023
7165
7563
7116
4730
6376
8067
8304
1807
3360
2222
1223
9645
421
7341
9203
5433
9210
1351
3217
3653
3599
9237
9961
8915
2822
7716
7651
2210
6896
1394
578
2250
2198
8991
1337
2203
7590
2689
9186
4858
492
7109
4041
5975
7899
6979
8239
6459
9513
4186
2400
8855
8857
5546
7458
2626
3547
2397
2256
5695
7725
1884
4975
6807
8070
7702
7097
4420
9778
4954
624
3031
430
9790
2810
7101
7765
9538
7826
6098
2044
3131
1432
1555
4876
4837
3010
8476
4215
6516
9105
8992
9532
4927
4017
5686
2107
975
5912
5700
2830
7221
1429
4419
3972
8439
7815
9285
1934
7572
9276
156
5181
6054
3365
2478
5267
3125
4058
3531
9146
3502
396
1
7807
6588
3532
7213
9690
3234
392
6525
7296
8022
9208
7553
1941
5988
724
6199
4712
2802
9000
7757
1324
6472
7450
6780
4800
6875
8973
1844
2710
6603
3876
3859
4985
2948
5643
1151
4309
6182
2571
3203
3501
3741
2759
7627
3358
3379
1036
1704
41
933
9024
695
3191
9927
3712
9958
4760
943
5699
6927
3748
8394
5538
1974
3941
1167
5533
4286
113
1423
4738
23
3156
2814
6956
5211
6117
5318
5042
5137
1223
8970
4
5278
2619
2868
36
6258
809
9015
2894
6718
2499
2775
4835
3555
3971
3045
712
8533
6953
5590
2766
3913
3468
2413
150
7481
156
8525
7278
9090
3166
5027
6748
6673
1865
4020
1742
9581
3352
6544
3573
1055
20
9471
2374
9652
9277
1091
2787
1523
7936
7974
1944
1599
3753
7634
4057
1931
3134
2484
4479
9700
7117
646
6230
5752
7398
8269
3667
6894
393
6194
1250
1648
113
1042
133
9682
9958
7084
1730
9705
9472
648
5303
9267
4545
3190
6151
2600
8603
2700
2038
9425
7898
5611
8109
8438
6205
3033
4747
4136
2901
5776
8583
4543
3749
2374
4157
465
5494
3140
2643
3939
3823
1096
4450
4712
9210
7600
4557
8789
6681
6447
2955
2330
3643
5261
7746
7551
4585
7144
5093
4628
2666
8687
8514
5101
5990
2692
9767
7759
731
5275
5024
7589
4151
7338
2899
2006
8055
9877
5446
6282
7229
1022
9299
1873
8032
304
1722
7152
9452
2219
5575
9980
2664
6852
7912
5462
5412
53
9265
289
4369
9469
4542
7126
2069
5561
1894
8651
4942
8717
2922
1071
5523
4495
6156
1183
5031
9135
5857
9391
2128
6543
9900
3499
9920
6162
3717
4521
6032
8353
2138
6287
9949
232
7297
5216
7688
241
8749
5236
6394
4190
1420
5570
425
8962
8089
5847
6127
2645
5725
3851
4649
1441
9191
6100
862
4414
1582
394
1731
6828
7764
2516
9337
1669
6591
6320
2165
6773
7670
7601
3215
1929
596
7341
5064
6299
8093
9193
63
1541
9672
9396
8558
159
9071
4709
9193
1750
7013
5392
3174
2054
616
5811
8712
1039
2194
4789
2753
6596
3090
1489
4593
9822
2720
311
1
6410
9047
70
5076
6155
4335
8514
6207
9239
9240
3176
6241
3597
9017
3491
7239
2451
7970
7110
7053
4829
2114
5461
353
4822
5494
9707
4715
7193
2568
8497
8909
7980
7672
3136
3632
8765
2660
4162
4554
2393
5554
5681
3829
6106
6239
302
8939
5286
105
7985
7123
7310
6864
6751
9556
364
9756
1785
1878
6503
9816
2221
6747
1732
983
1637
9663
8404
4417
9116
1462
6888
4608
2643
9633
4089
5608
5540
5844
6171
3012
9677
8958
1604
6226
6254
1198
8556
5963
6132
102
7531
3931
6837
429
6170
5249
2692
8303
8174
9219
7814
4501
2413
816
9127
5043
1465
3478
8001
5007
1068
3599
4628
5849
3250
8524
8838
7406
6290
2748
4697
3238
4067
1565
3947
2002
5840
7442
5077
8127
5067
2040
700
2242
2464
5988
5753
5524
4194
9271
3025
2388
792
7394
519
2835
6267
2386
7236
9145
9635
3120
125
1582
3099
6447
5123
4319
2074
9198
9506
5881
2271
1232
1073
8060
8218
1413
2104
3480
5715
1620
2471
4775
8009
8751
6794
7683
1721
1017
5149
6272
3967
2793
5415
983
6507
1775
8129
9210
6248
3266
1417
3725
3992
9044
4431
6428
4907
2439
2637
3611
4893
7013
7187
4211
6741
3557
3704
4378
8783
8964
2833
80
6597
1017
6079
4460
5247
5108
5640
8162
5531
2469
6251
8967
2763
4637
318
1722
702
5549
5085
779
6451
931
1980
4918
4368
4433
3830
9108
8302
1381
5205
8350
1896
3908
4801
6308
6044
5763
6464
5486
1139
1156
7242
6296
9262
9602
6667
9515
8081
7949
1371
367
3913
1494
3089
2716
6127
8443
6124
8751
8863
5803
2428
2898
8923
276
8594
8711
580
4701
9260
3995
9082
9156
5692
2524
4622
5981
6648
378
7714
9639
1013
1138
5042
5605
8152
6953
2118
7297
2438
1860
5354
6407
3014
9623
1550
9960
8459
855
7186
6923
8764
3177
3424
8235
3761
3818
5252
6781
8013
6178
4835
8000
7034
602
9781
7589
8679
4926
6803
57
6558
2151
31
782
9417
1061
1094
4652
1543
537
5027
6365
4505
9867
2026
1053
9747
5440
146
8991
4943
8876
8122
4871
4369
2873
690
336
5023
8804
1009
8340
5740
4489
6080
9200
6129
1425
1438
1232
5796
8277
794
3285
2026
1425
4807
2612
5868
3978
700
9104
2391
1829
1071
6128
774
9029
5891
8948
3850
5053
6431
4026
4738
3372
3684
6377
278
4162
6661
7595
7131
3930
7895
4161
6608
1404
4487
4220
8549
2088
3024
1130
2929
3585
5876
3768
233
9979
4498
6876
8110
6358
2631
9464
2342
3921
8587
5747
4718
1998
1163
982
9082
5798
8141
4078
9487
7730
9846
9941
1202
5728
2761
7115
6096
4186
9803
487
8867
1821
4566
4565
9506
6053
6542
170
407
5365
3158
6225
3631
9488
2297
8812
4959
2239
5937
1627
6578
3371
1473
5549
9511
3892
2397
161
239
3961
4069
6756
3344
3701
3525
597
3468
5035
4472
41
5390
7024
9953
1476
618
8063
5490
2008
2512
5778
4973
6293
9692
9512
17
9986
9214
851
1076
9940
6864
4831
5219
409
1784
8178
1122
5334
6620
1196
6602
9054
2382
6802
7784
1683
9298
3582
1871
832
1085
9724
7412
8348
261
1232
6942
9318
6387
885
6919
713
7476
4104
9000
8716
7168
4086
4856
7056
6754
1344
3989
3474
1639
2167
282
7817
6402
6376
8403
3211
1274
7274
5579
1245
5553
5674
7775
3185
226
5523
1833
1849
2931
775
6744
2970
3248
1889
7926
613
5300
5625
8070
8558
7620
3640
6960
8398
7370
3804
502
5568
7089
3129
6150
6510
7400
2719
7862
3760
8333
3276
8825
840
5275
4325
4237
5558
2954
1552
9660
8556
2293
4450
2662
3760
514
782
6776
8770
4443
5294
7172
6154
606
7603
6844
1136
3413
8162
618
7206
4495
1876
1824
8820
2096
6018
3104
9550
9303
2892
8463
4789
3850
7917
8463
437
278
679
4203
2862
7265
9898
8626
875
9133
3235
5612
7472
704
9386
8276
7626
8971
3009
7987
8584
3366
2703
4679
774
8803
8448
7253
708
2135
7736
60
2053
3168
8930
7788
7461
5973
6336
6415
1627
4861
3903
2321
5618
2108
3533
5146
3520
1274
9557
2517
5101
787
3112
6387
2398
7370
8838
1398
3840
7834
1649
5420
6885
775
3130
1220
8976
6796
5549
6056
7119
7026
6430
2953
8320
4904
8179
3361
6741
5454
5329
5979
8537
9637
6656
619
2007
8725
620
9160
8994
5122
361
7904
3225
1552
8860
6892
2708
147
5744
2157
6210
6567
4699
6285
8355
2032
4510
1130
3952
7878
7297
4111
9770
3116
4728
6107
1190
5313
6654
4634
1895
9136
6957
761
7092
4856
8173
1966
4617
1226
9948
6046
3735
3284
6265
3086
8434
5818
2993
3492
575
7522
339
142
8406
9194
4496
1805
7610
1704
8967
3183
5332
5947
8829
4132
2429
7472
576
6940
5586
3106
6050
5896
8835
5494
1463
7800
3584
4193
1552
5567
7252
8743
4467
9602
3301
9951
5210
3263
9596
504
4106
9381
7797
5026
2100
4552
3815
2653
6522
6708
8194
2338
9355
9353
5791
2194
5023
2742
6050
9414
6239
8307
8798
6572
4569
7642
5574
3427
6994
1505
3211
762
1009
7453
4633
4219
8547
6953
1663
1651
3393
4128
5982
7039
7633
8663
7348
7713
176
4782
2679
9283
4411
6749
5654
4489
2643
8843
4127
7969
2147
4406
1841
8879
1358
4214
1669
7217
5025
9165
9933
7749
3987
6086
5217
7493
8662
8299
550
8876
5274
4537
4822
872
402
766
7847
4714
2534
9535
3661
9072
8943
568
8271
2016
2448
4504
1369
3525
5390
8919
6331
2796
7505
2059
9164
9245
286
5088
5070
4658
2892
8059
715
6738
3697
8321
1439
984
7170
2609
5197
8727
7928
5699
9266
4004
2540
9136
1472
934
4925
3346
5015
6240
3036
5179
4853
8694
2954
837
4035
8345
1445
1028
384
3648
9607
1215
7488
3840
8298
4832
9089
7268
720
1487
2652
3749
8730
5327
6133
491
7261
982
1804
6659
5545
5801
2344
1195
4776
7459
7363
2192
9299
5436
3028
3797
2441
3344
3497
8406
8723
6660
545
7718
1307
6980
6894
6141
7305
9643
9570
3972
3804
6270
1879
5797
4358
7563
6495
1648
9070
4605
7587
4577
1379
8780
6915
8532
1181
1448
7376
4679
7038
4555
7643
2629
9848
2460
3177
5464
6608
3436
2201
3848
5656
6559
9989
5096
4149
5954
1233
7598
4409
9786
8191
9665
8283
5753
1776
4569
7656
8362
3890
304
4869
5799
1848
3437
8969
5823
9988
1303
2396
784
9292
5760
8041
1609
3156
4729
8425
9376
6319
4829
7170
1000
4432
9564
7895
2429
3697
2717
7213
8771
3621
5866
6603
5806
1033
2299
2562
1454
192
6952
5703
8931
2096
3489
7226
5592
5881
5133
5516
2710
6614
5459
6587
1862
6680
8982
9491
2955
2508
9094
1898
7458
4416
2663
1631
7940
4992
6443
7086
1604
617
323
3204
1225
1495
6424
9948
1593
7850
1044
7056
3381
3850
8539
2295
9230
6239
2385
356
8741
1681
8854
6121
62
5348
3001
9080
5826
3459
5015
5364
267
4129
7353
70
2559
4148
9537
5336
8613
4136
8028
8974
9918
895
3144
4379
3330
3685
3659
4890
147
719
2404
4834
6322
3167
2965
5050
8166
6630
8421
2884
9560
4217
7913
5336
7309
1125
5849
9336
1070
7907
1515
4977
3026
8522
3973
5926
384
9687
8264
6226
677
50
4123
4208
5836
1260
7713
2353
6057
8172
174
6595
8593
2069
4217
9757
9777
9059
1405
1634
805
5627
8333
2539
9144
4676
9443
8074
7739
8348
7892
335
3662
8418
3587
4799
6308
1098
9250
2746
2796
749
1243
6206
4854
6155
1728
6173
7123
3782
2741
5078
1575
4769
739
1385
6511
6243
2282
7555
1490
3025
7630
2639
1456
2778
9287
7231
4305
6200
6721
1669
6207
4035
6893
7987
8079
4304
2568
2368
4814
6467
6857
7607
6065
4009
2956
4479
3733
3313
2629
6751
6611
4666
5614
7125
7120
687
4850
361
8503
8583
9183
5482
3444
5232
6035
1069
6635
8287
1427
6433
4555
2278
3688
6670
5384
5942
201
1510
845
5955
3629
6239
9580
2635
5187
7953
8615
5196
7761
1961
5444
7718
898
1199
8312
2087
3070
6237
6393
898
3968
4627
4735
1504
1074
6150
1068
2279
225
4878
2875
3478
9525
9839
3503
8046
9561
3571
5491
2245
582
1883
7785
1983
9111
8726
1080
8415
2234
7235
2104
5528
7738
1736
3362
3206
2229
5791
9583
1558
7337
8180
5912
6200
6260
2166
5749
9593
8970
3321
8074
553
4673
7743
5050
2624
4335
5599
796
2107
4447
4560
1281
8253
5576
3940
3504
1360
5714
3120
9326
9343
8948
7196
5665
9720
4565
8677
8069
1876
333
6556
9159
4011
6413
3086
6884
204
3131
4216
99
5657
6654
1765
572
2408
1519
4166
1228
3496
7907
7871
127
936
4594
3378
8532
1679
5562
8220
9225
6234
9409
4247
8197
6577
5921
8064
8805
3561
3397
1576
2536
9173
3675
4256
4637
5669
9212
9957
6041
1847
7974
8908
5253
6575
7478
9833
5164
1032
8854
8082
120
4078
5457
3097
7984
9666
8278
2609
452
1262
2146
1517
2377
5899
2549
589
7527
9636
2818
3829
3828
6984
5339
3649
5905
9144
8497
9811
6527
9814
3125
1539
1422
2715
8393
2152
3854
2042
7245
2109
6341
5560
5793
9447
6925
228
9376
6271
6559
1908
421
6135
2293
3962
9656
9994
8227
4378
2776
7691
2467
7409
9233
7905
3691
3682
8449
1910
5365
2214
1485
5577
9116
8846
2934
9588
1336
8225
8671
60
8693
666
9940
423
8894
966
3277
740
2801
3565
8706
2467
2777
7315
5807
5079
8
3573
8332
5937
488
3325
3282
6329
5300
2607
9635
4704
5931
640
5201
2761
9412
1753
7534
1300
1289
448
6225
513
6653
8753
9470
3736
758
6414
7342
4598
1101
7376
7878
4971
2299
547
9767
5156
3548
8878
7208
8344
6009
8427
8338
8526
4095
8254
8509
4794
270
2771
3666
5190
7756
456
7083
182
9287
6739
4795
9180
2969
4293
1218
3541
8168
972
6632
6000
5398
4202
2501
9574
4164
765
8899
8653
1896
2576
730
1210
5207
2354
5876
3819
2026
7855
8920
562
9379
9740
8681
2776
7014
6079
6427
9075
1449
6005
4355
4124
8523
6079
676
216
5098
5568
8494
7886
2119
1026
525
501
1982
6313
713
3047
2831
1510
6753
7197
1251
3053
4668
3121
2666
7866
7690
3511
5664
6259
6918
6789
2486
1925
497
4583
2935
2510
1373
3210
3100
894
1099
118
3435
5603
8591
4043
2989
8557
8281
1952
7889
9768
1673
6778
2507
1497
9955
7407
1201
8943
3032
6426
6985
527
2108
1717
1038
8540
8771
5154
3578
34
3435
5379
2296
8661
9945
1919
9270
422
1165
4727
1109
196
2458
6690
9902
1354
6094
6556
4498
7757
9852
6311
2613
5996
7320
121
4319
5898
5750
1588
6575
8940
9707
2331
6632
7551
5207
7658
9402
3016
9563
4441
127
6136
6725
2229
9125
2689
6560
1094
9733
5286
9202
8740
4106
4224
2394
5002
4060
2633
552
4022
5771
5328
9187
3103
7782
6600
7273
2535
1564
9449
3158
2519
2615
7643
6714
1744
7984
2453
1547
7115
3014
7890
6294
5698
6092
1839
3321
7999
5221
5624
6436
6404
4384
1216
6654
3778
796
3549
6476
5043
6400
5231
8696
8879
8275
2297
5295
7607
2950
2628
5645
778
9070
3099
949
2039
1349
7656
3610
9430
6256
6092
6033
6422
6546
2506
3299
4746
7377
3190
8055
313
1510
5974
4018
417
4896
6968
6566
3768
6782
6053
5000
4920
438
9502
1318
1156
1555
6641
4566
3017
1432
7623
8184
9299
1177
1062
139
3569
1318
3510
2126
2042
8459
7606
4593
1993
6922
2085
8949
5799
8658
4762
6973
8169
9152
9145
100
3154
535
6355
8079
3130
5637
6682
7288
4091
8366
9290
3919
343
6445
4333
6156
6916
2276
9067
2548
9921
6516
8403
784
3444
6796
803
2297
6554
938
2417
3269
5530
22
5920
1901
4520
1699
5632
5152
2493
8245
7217
5523
5558
7052
8464
9928
1530
3455
7519
8207
7949
7123
6273
8426
5669
3587
9579
9737
7616
1895
5449
1288
6337
7900
7464
7434
4559
197
8251
5329
129
2367
2076
885
459
843
5331
3016
1819
2460
6048
4122
5753
9538
7405
6842
8208
3217
5672
3244
7018
7692
3
2833
9868
8962
84
10
7969
1781
7751
9970
358
7585
380
4391
9906
4373
7128
4754
4974
6727
3873
1603
9916
464
9140
2702
3615
1796
1172
1619
7661
5252
5862
1014
4821
8160
6296
1679
4068
1978
7292
9167
565
2423
2507
4793
7742
983
7454
6706
3872
160
9048
9755
7419
3586
1214
9981
3813
9986
6511
665
1290
6945
5730
2094
4980
6354
994
6485
6497
8516
3004
2799
970
5962
9775
3614
4644
1243
2462
7639
3994
5142
3669
7010
1627
3124
5030
8050
5140
8127
3792
7851
2609
7277
2619
6710
2383
8572
2902
8254
5463
1129
9502
4879
5918
9208
4027
6056
8493
5890
4497
993
2857
7029
1577
5161
771
9909
5420
2274
5897
3863
2618
9467
5891
2076
9741
3596
3003
4751
8528
879
2472
3880
7905
396
7681
8975
9710
4410
7233
1268
8239
4850
1928
1156
8564
5892
8942
9938
4917
7104
6404
2271
8422
282
4088
188
2906
5802
4912
2999
8625
1096
7568
9970
6352
4667
2759
4259
8451
3965
4227
7270
9347
4406
1057
2339
5079
9816
9568
5443
521
1680
1539
8485
3298
5703
444
7658
5407
9412
8963
5340
7140
3776
9064
9054
3019
5175
675
5115
6142
1412
6129
7769
5600
6941
5393
6876
1432
8006
1410
8457
2967
7920
5794
2827
9332
6435
2607
4428
5420
4770
1961
5971
2672
9701
5786
7056
1642
5922
5276
4036
2520
5755
3233
3570
541
9292
4815
7048
5500
6025
7041
6873
8491
1118
822
8429
4428
5636
9239
3520
5892
197
2337
2009
2427
5852
1802
8481
9525
4269
8532
9828
3242
1722
2345
7836
9620
7821
5848
8123
2930
464
3835
3014
3099
3041
5485
1365
643
8576
9127
2728
6934
8213
8321
6747
8671
8188
3664
1235
8068
286
6834
3988
4470
5667
2138
4040
8833
885
6096
7856
9848
7975
7453
4694
9335
7521
8402
3275
5014
4797
2795
8810
716
4259
8616
5404
7687
6934
140
3934
5776
8595
9793
9580
9950
3982
1014
6395
5871
3811
1157
8494
8059
6800
7831
8784
5548
8556
3001
6492
2891
2770
6615
4172
8856
7913
5574
3378
1231
4360
4453
5718
3783
2715
1538
2614
591
4006
7469
2799
3755
6363
4052
1274
2756
809
7663
7277
7659
901
5063
1669
3763
7051
9420
6060
2317
6616
867
6998
486
5066
9017
8572
3864
1912
4518
5919
6545
7432
2950
270
6984
2712
7149
3426
2725
6028
3392
5849
3430
3166
2777
7908
9590
7946
1613
8253
3795
1892
3662
6772
2514
8767
2673
2133
8959
540
5797
5525
1790
6212
7218
2891
176
3913
6584
7680
3046
9678
8691
4929
9229
3411
9283
5385
5635
3660
6779
5246
2614
8063
1296
3146
9216
5572
424
1009
6184
9889
5855
9535
1205
972
6211
2244
9210
2866
9185
4258
303
1705
452
3258
9301
7244
7725
476
3791
4963
5797
8943
2119
3479
2447
4750
8785
3770
5673
4593
2351
2531
9884
9506
154
1913
2401
354
4870
1795
1901
5386
287
8813
7274
3957
7533
8412
8796
3387
8413
2342
3450
7849
9568
4230
2810
9154
9662
113
4961
9375
1990
9165
1594
4325
6567
2226
7661
5125
8985
2215
3717
2290
8201
997
446
3089
1722
1900
792
8278
4648
5666
7539
8752
8524
373
3272
6116
6987
2601
5197
3758
7860
7961
9501
6582
5514
3995
8623
8280
3075
7402
86
4701
1365
579
7435
727
343
9527
2155
5893
9263
6337
492
921
3748
4647
581
3338
1560
5758
3401
5373
3967
6409
5737
1454
6292
6607
4536
5802
9491
7367
9850
2853
4421
3737
7873
4515
1818
8040
6526
8682
3978
1954
3474
2789
8591
3701
526
4715
1293
8426
8940
894
1090
5663
7340
8075
2002
7660
7637
875
5057
6324
4660
1989
7037
4543
2042
5733
6282
9712
293
8435
1295
3468
3004
1146
4888
1806
3605
1088
5165
4040
8258
8350
4786
7387
58
3419
1628
6372
6001
9316
7217
2660
907
9362
4117
1490
1860
7863
9848
5433
2638
6403
2827
4840
58
2828
5349
7085
3205
3496
9676
3412
2119
1942
5918
3100
4645
8672
4620
9489
8912
7525
2672
1409
4140
3736
8500
6534
4370
7652
1380
311
8088
5926
128
5203
1688
8903
8454
224
6269
8928
7806
18
5339
9354
3667
6021
5663
8111
7972
9693
4717
2916
8526
9219
5991
7387
6168
6617
7723
8678
1757
1767
1562
7564
8027
3514
5129
1367
5842
5702
6476
8576
466
7780
9028
1572
1053
5419
2777
482
5801
6509
1192
6859
5928
1826
3603
609
3951
7708
9667
7413
5642
127
5922
6717
451
5718
4413
2326
2207
5504
9910
8583
456
1346
5318
5195
2947
3454
4556
2876
1430
9715
8401
123
6213
4023
1547
8712
9731
1332
8531
1787
5748
1720
2020
3759
8764
4403
9477
5693
7686
5348
3238
3300
8917
8878
4606
7252
6597
4524
4773
7105
1967
5249
4057
808
9547
2130
6252
1524
5148
3607
6714
2254
9608
4475
1247
6662
2587
960
7778
1371
2759
3400
4380
1036
4290
7330
5288
2515
4637
7110
1200
8580
5383
3618
1388
4793
6069
8966
2923
5395
806
6771
6667
5357
8839
6014
583
6120
3137
240
8400
1945
5634
1500
5685
2308
3766
236
5996
3311
611
8127
6912
7688
97
805
9491
8669
9531
1321
4972
7699
3976
3224
9386
9790
914
4252
146
3182
9053
7711
8670
1873
2145
8877
9605
596
7248
7990
333
1842
6986
9760
4080
3668
7049
1681
6198
5182
3444
9921
5935
3835
8802
2051
5391
4964
3427
485
3237
9372
4724
9119
3266
9173
8140
8376
6868
5592
3799
632
4109
4994
5674
8819
274
991
4286
5907
3437
1170
9720
1907
3900
6728
9007
8065
8218
2071
859
4996
8894
9324
1124
2646
5832
9614
4377
5175
7153
8956
601
3127
5082
1657
1045
8579
7263
8231
4042
6346
5092
8004
9811
5799
8428
8832
3096
3332
402
7648
3850
5140
6939
5902
9138
3563
3083
3404
3917
8004
2260
2563
4409
3154
5186
2534
5448
3129
2307
9450
2311
9973
7366
4527
8356
8969
9980
6634
2062
1211
1966
9645
962
5949
5524
7829
5396
1398
1422
4382
2012
2870
1790
9259
5508
1383
5278
2459
7228
4215
1965
8066
938
1278
1640
2495
9323
7614
1839
7650
9594
2881
1403
5983
2951
3221
1185
9816
598
9583
6051
1703
8504
9275
1314
6110
4163
4262
2362
5208
1240
588
8385
3237
2189
8178
9836
4513
4649
9222
4533
9936
4777
6381
9167
5625
9529
9120
1386
5187
348
7623
2578
4034
2713
8939
3049
157
9581
9300
9336
819
1874
9848
8110
8736
5838
426
2279
4478
5383
7547
2760
4080
7300
8136
3659
2134
8639
269
9571
1007
8484
5743
1133
6236
829
7016
9029
6664
1361
2850
7224
5401
8564
2789
3372
4326
8743
515
8057
516
5333
76
4812
7711
5160
6994
9708
9744
8215
8348
2711
5707
2905
2057
2978
8560
5809
5820
6786
9876
3451
391
9911
3452
3812
250
5894
9639
6928
7091
7881
423
7201
8005
4498
2500
4871
762
9564
1921
453
3186
1355
9213
3905
2220
9615
8331
9765
1044
7513
6264
601
9311
1381
2670
3703
2452
3186
552
163
857
9450
9603
1233
8702
5570
3658
4160
5233
6380
2426
8581
8362
2175
5573
4999
1586
4403
4143
8861
477
6749
280
7323
4192
5453
1273
922
853
7347
8064
9043
2983
5310
1509
6358
685
8643
1942
7184
5724
200
8883
6122
9295
3020
8083
6257
9869
6665
2544
700
5232
7542
2611
9341
4595
8018
7806
272
2486
6361
9674
4569
6017
3214
582
3828
1089
621
8156
2224
1105
6447
8840
8666
3846
458
6912
132
8300
8302
7225
4223
3459
6134
928
7547
5336
1775
3463
6695
6809
7896
3257
227
7287
8986
7689
3368
5638
6623
151
1898
338
6904
8338
8131
5407
9834
9235
9790
9284
2901
716
2096
6572
126
3139
4459
9276
3466
6895
5782
5049
5606
3441
6572
4816
1883
8065
1811
1114
4402
2330
5862
1505
3206
2970
9539
8501
7810
1854
9940
8561
7351
8566
5605
7966
9155
3141
3173
2603
3614
1529
6800
2051
7925
483
8301
5724
2451
1750
4244
329
1272
7647
6015
3344
2824
1449
279
6878
7419
6325
166
9861
5950
6041
2049
4238
8068
9073
8819
2613
8760
5381
8200
616
9372
1649
3840
7142
2893
6530
7651
9597
3534
2113
4208
9279
7550
1672
1872
4108
5611
6592
754
2065
7018
7308
4633
8909
2598
4066
2518
7995
6194
3369
5644
8357
4343
5087
7420
9614
9926
3376
7055
8701
8393
1793
2444
3959
4487
9283
4246
6677
3305
9104
1025
8860
2010
7126
4858
8645
7531
9494
7832
1612
1201
2130
2514
7035
3415
6208
3657
3011
144
4385
4159
3369
8388
2309
5587
2285
9530
8739
2494
9587
7935
5449
163
902
7125
5037
7417
1974
7390
731
9726
5787
6787
7333
2935
4413
2141
6559
4637
4936
7878
3215
8492
238
8314
848
6563
947
3359
6875
6152
4446
8500
7480
546
469
7417
2054
7583
514
9598
5398
6018
87
5923
3492
7291
8595
2353
5204
9488
1634
5560
8028
1048
4332
4646
654
4070
2456
9919
8965
958
66
3112
4939
3576
8622
3408
9848
1107
2686
159
4117
1335
1600
6277
6285
243
4875
5957
2596
6467
1397
6580
6932
430
9025
7460
8039
2780
1678
7409
7290
3123
5560
9046
5587
8009
4863
201
2444
6606
9937
1831
3762
3570
7726
7452
7363
1246
5084
1233
6958
7537
476
653
5912
1495
8521
4861
1879
6044
4865
1770
2202
6100
5936
5289
7829
786
9294
9085
404
460
5465
4797
3213
2833
1454
721
1667
7567
9431
1637
3160
5449
1486
1675
9280
6491
2814
9906
5619
1099
1190
2669
5687
9850
194
7588
5841
360
7272
1654
7519
4200
5434
9841
1605
2913
9150
1267
7245
9800
854
7093
4093
3317
4318
8087
2606
8705
5168
24
1773
6769
6782
1986
7431
2608
1921
5997
7199
2530
6572
6412
9999
4402
2697
4022
9082
5225
838
2914
7562
9890
1863
7800
4548
6707
9544
5737
8161
8604
2083
8946
8929
3678
1255
4800
3380
5154
2384
4931
3004
8770
7039
7890
8162
5082
3018
8846
50
5272
2981
5368
6315
1644
3885
524
7593
8207
4325
3238
2856
2474
5765
1123
1246
6944
6743
2876
6814
7577
6132
5709
510
7055
2753
8251
623
2587
3792
941
8924
1594
3768
3949
4752
3751
9112
7400
3449
4514
821
9834
8684
3570
9101
8653
461
1395
9436
651
1901
8546
9087
1606
8249
5198
6682
1408
984
2985
5261
5231
8387
7230
895
1832
1480
5300
4844
7231
867
6013
7099
5757
5653
5750
3124
706
389
9267
3608
3721
9767
7075
9139
5402
3662
6676
7844
9629
7023
1964
4244
611
135
3665
1851
4781
4786
3798
337
9286
1008
8855
541
5092
7232
9624
6990
5443
3923
411
8155
9824
7061
6792
9246
9430
3221
8958
961
2653
2384
7216
350
8118
8136
7292
6696
8382
7445
5686
6149
9598
3813
9538
3752
1134
8288
1194
441
4445
2539
4998
5625
2333
7016
2707
3026
8124
5060
4342
8622
9301
765
3337
4701
1606
4375
8363
3348
7787
4040
9357
5981
9766
6889
1988
2967
4255
5524
2997
8785
9635
8297
8727
3752
6235
3015
476
2854
3071
4098
3277
5937
1582
2610
9217
1154
920
7111
2447
5368
9944
773
676
1031
8249
6878
7136
8961
2259
421
7747
359
2699
8342
525
9490
6622
4659
8174
457
554
9671
198
7698
1314
4297
7930
20
7572
1625
4382
2236
8334
7781
993
6832
4170
3338
5005
456
3249
4676
4478
6503
7015
1906
2755
5548
9676
6325
558
11
1608
5655
1856
8036
9224
9825
9130
4286
2910
3476
4733
2144
211
3948
7665
2600
3610
5120
9281
32
985
8140
7188
4030
2073
9813
3921
9417
6156
8234
5838
3737
4563
3093
8146
2578
6568
5010
3943
8334
8797
4252
8744
7270
6335
4225
7070
3083
8412
9244
4399
2531
2746
9262
5979
197
400
6475
3873
4909
7382
18
4942
9994
96
5326
5439
3109
9241
4167
2360
9163
781
9818
7795
1568
3209
9438
128
2901
7475
2275
5124
5967
9691
8024
701
176
6984
4399
1510
6189
3724
6777
3285
3877
8778
5615
2410
4726
4382
9305
3125
111
3770
1072
3359
1046
7815
8606
317
3398
554
4201
8624
4936
9722
1381
7094
7024
1197
1190
4989
4308
5587
7652
5035
312
1126
7269
8369
5498
9494
1812
6134
7073
207
7198
3452
6554
4853
3755
4188
1983
4562
4812
9060
6521
2844
1205
5432
4154
1220
9045
4428
6233
6897
6884
9883
9652
147
6276
4094
8626
4049
6650
7325
7221
742
1413
1593
9064
6474
7233
4388
3976
2365
2574
4657
8702
9025
4718
1664
306
968
6765
7110
6386
1089
7380
2310
5773
6390
6424
5156
7097
3603
9037
6069
231
7408
9223
8256
7452
4518
1523
5172
6956
4083
6005
7290
1264
8560
7434
1057
7018
9509
4251
5188
671
9593
6778
3352
6668
5496
6933
7751
846
6406
3645
5064
1995
9292
9173
4827
8788
5248
1557
425
7607
887
7557
4560
9208
4932
8602
4339
8595
2992
9505
5893
3015
2817
6009
4871
7546
8242
2578
7033
6413
2512
6283
2728
849
711
6102
58
1110
6592
9534
4177
1059
1300
9987
4379
8651
170
9139
6340
4581
9072
8137
4238
4392
3638
366
6319
6424
3095
6320
7939
9101
5393
8087
8092
6289
1886
6890
9021
8713
7872
2229
3623
2740
9995
5239
2046
5245
2716
2075
7139
4729
3828
5364
8220
4363
3386
3063
4011
2224
1259
4429
8524
7632
6049
2214
8189
193
2115
8714
4565
9932
2046
814
4635
2717
9093
5817
9826
5076
7780
5489
5699
6475
1194
509
6528
5108
330
1305
2885
5370
4222
4113
5788
1310
9617
3027
7952
544
5444
9798
1273
7424
441
3167
9787
2544
1962
8665
9036
8078
206
7950
6018
4903
4877
4010
8749
7954
665
4848
778
883
3807
3644
4007
9677
4488
7786
2602
7647
8848
2665
1910
949
9992
8688
8869
4607
9518
1542
4619
3939
9832
6458
5766
5219
2783
6915
8070
2418
1998
7065
5187
3976
4721
4988
5561
4668
3913
837
2543
2853
2898
9892
6387
2658
2976
5614
1903
3970
9019
1898
2227
509
9351
6877
7428
7723
3942
2889
6485
7730
9335
8511
2539
8149
9602
8928
4270
5274
115
303
754
9777
4937
2355
3208
4874
9249
834
4662
2720
5371
8257
7801
4707
4672
6885
1950
5276
7931
2712
2501
6874
3567
2988
9958
5788
6569
2691
1216
4698
905
7271
2682
8020
4756
9990
3431
371
983
2204
6689
6814
4919
4084
9651
5935
7782
1402
4878
3275
6797
1284
1340
3116
2457
6107
9535
1257
9271
79
3079
14
8787
7483
8633
9391
2764
5037
7121
5166
9902
3357
1814
5423
1753
4171
3034
1979
2107
538
5002
2120
9480
7127
7646
9039
4124
6355
5092
6496
9435
4091
2967
4323
2575
5526
8667
6624
666
7796
2304
3795
7019
1023
1170
2779
6499
3509
7239
7420
373
30
5498
2186
8741
4383
691
8079
3031
8657
1453
9116
1916
2056
3742
1413
1497
1520
9988
4603
4632
4881
6423
7098
4868
4841
8710
2521
7628
8668
5160
4543
4969
4179
7573
1294
581
7320
2080
8552
8472
443
6207
2994
2244
3252
3853
2920
1817
308
6838
4081
975
9965
292
2503
2249
9673
9229
4539
5243
1670
5383
6746
806
1292
6603
4683
6169
7334
5952
194
5558
212
3982
1370
6677
9041
5666
7980
5935
3146
2891
7897
4325
7039
4556
6810
1455
418
8878
4321
7389
6369
6761
4446
679
1621
781
7477
6260
2447
1690
3189
8701
8594
3205
2442
4742
5489
6292
5391
4006
1891
6142
9705
8298
6159
8637
1473
8016
9331
8180
4799
8844
7328
5498
3486
3131
7801
2254
9660
8127
9313
9125
9706
7603
1918
5378
7462
4292
8498
921
8272
8049
5692
6303
5186
8675
1703
2199
381
2927
5829
7553
693
2420
1195
4725
6049
2809
7793
770
3544
4978
7720
6239
7928
5744
8273
6836
1330
9051
1431
8649
1218
8558
181
4693
5774
9072
3116
9096
147
7395
8815
5321
5359
2765
579
6586
4059
3331
319
9819
3740
7881
7586
9372
8590
1361
6074
3025
5693
8664
5240
807
9961
3612
9156
6633
4876
9118
8170
3829
2885
66
1485
8240
133
2657
429
6809
5095
2643
2804
5275
9628
192
8471
5928
4008
944
5129
5261
4538
1242
1089
1796
3528
491
8779
6336
6590
5125
8708
503
1497
6765
8646
4504
6178
1805
6911
1796
795
882
1817
6539
332
4474
1570
9574
9615
5214
199
1
2290
8418
5487
2411
8898
9782
4259
4302
6929
3263
8904
4280
7455
2733
6530
9276
8827
8151
8780
8197
7768
740
6006
183
2184
1923
4218
7956
7994
7615
7065
612
4403
2889
7911
5676
8160
1992
9044
7209
7541
5236
6007
5335
1085
7362
5108
2693
4432
1660
1267
4990
1000
318
1541
6089
8701
4292
6894
2892
5408
5297
1091
1635
463
8468
933
5172
8173
6661
6510
306
1928
6451
3599
5310
4349
1433
2905
394
9709
631
2444
8066
9760
8498
51
6096
3052
8313
2721
3087
838
2604
8292
5558
9776
2634
2850
5867
2721
3973
4152
2306
4167
6697
7345
6270
6128
6849
4314
6528
3582
484
2110
7303
6014
2793
9068
5139
3027
2624
9467
9331
7514
7059
8892
2076
9471
1577
2805
7445
7175
8866
270
2777
133
3316
3242
2160
7
8875
9410
9282
1529
5068
3165
6149
5328
9716
4961
4893
8515
7191
4049
2208
6945
7852
3395
9865
5089
7751
8423
138
5650
7641
3163
2038
1217
6877
8377
2754
4556
873
6266
8888
2432
453
5486
3705
278
7639
8378
9917
1467
5229
9534
2302
5459
6826
1147
847
3684
9921
5928
3058
661
7081
2813
3547
549
9352
4173
118
6116
1538
5765
8148
7914
1233
2303
9297
6359
2154
2184
6294
8370
7633
4641
2897
3230
1962
1399
6959
9416
5709
2777
5020
5284
6054
5080
8798
1717
4785
2145
7559
4080
4633
8917
5451
4194
9325
9080
9565
391
3936
1905
2775
5217
9893
5743
5186
5815
3366
6873
9418
1645
6648
2784
7881
7812
9629
8388
4709
9987
2471
2150
1083
8677
1228
6673
285
6427
5266
4890
8037
1432
9101
8662
4421
4980
1526
1368
5978
8184
1755
9825
491
5532
5729
3748
2362
8917
5686
2915
3520
6027
2628
3138
3350
1252
4435
2238
1261
5551
2009
6289
7214
4180
2070
4611
8746
7577
7994
9205
7896
1258
9445
613
7760
5131
7448
7579
6385
1301
4029
2282
5182
2126
4570
6409
126
7057
6645
5886
6627
7634
1230
3696
3143
4884
930
887
4360
2346
5131
5599
2090
937
3835
8756
894
8984
355
2926
5898
1863
7992
7746
2247
911
7381
1358
9242
526
9263
2275
7287
5717
2120
273
2505
9754
5295
8040
2111
3013
6065
7559
3436
9636
3396
6505
911
8218
2106
302
8206
6351
8558
4884
7269
6575
3089
3731
2049
3062
4946
260
2317
4163
2684
3293
2191
5867
6668
8973
8726
5164
643
7257
8246
318
6155
4901
1951
7143
7009
9715
7804
6521
966
2787
2687
8591
2341
6378
7370
3321
2337
5212
6985
5500
3544
8027
1380
4574
1299
4384
2958
6216
7356
9031
4469
3026
680
2344
5538
6343
6073
790
4705
9800
3820
5746
3225
7938
2576
2500
7956
9994
3303
3826
3267
9769
4235
4113
6124
7412
5551
706
4224
7888
7758
8887
4399
3919
9572
5654
7354
8275
9557
5400
5268
1435
705
7444
780
5816
8697
1407
9444
7089
2673
1440
2865
6368
2003
4438
6425
4510
3761
546
3748
1170
3396
6500
9876
6800
5446
3640
6500
5365
2021
2789
5533
9162
4298
7644
1817
4873
6249
6766
1808
1715
470
1847
2722
8397
3108
6513
5816
5497
8595
5620
8209
3795
5229
9718
9999
7157
9418
3159
7269
600
9872
7203
7046
356
2976
1380
7259
2921
7088
7355
3316
4367
6652
9611
3046
9506
6616
6350
3441
2908
3919
2200
5875
210
5556
1560
1320
8688
2094
7684
3409
628
1413
8015
5193
1692
9928
644
4883
9158
7559
312
6986
1708
8343
4881
7821
3240
705
4839
8634
8099
151
9048
5254
4045
2436
9722
560
2339
7055
8370
4896
1353
9394
2352
27
1305
4769
8578
4212
2890
9167
6890
9541
1850
9576
705
7827
4884
1458
6625
8000
9648
2130
7857
6229
3087
6612
8578
9806
7836
6842
7612
7195
6026
6059
221
9602
3446
7651
6162
3902
4750
1752
708
2860
2141
3524
2846
6160
5808
4168
1485
4997
4267
9472
6192
3708
6745
941
3680
4221
7720
1443
5117
3034
5849
696
2139
5797
5640
5871
1404
1645
420
9163
8504
7939
9447
7236
2093
6244
315
7130
8206
2013
210
9434
2925
3759
6028
2307
8763
2247
3875
9281
6463
6666
3062
9683
9256
2653
8345
2985
1028
6550
6850
7432
3384
1343
2932
8880
9080
2354
4984
7944
960
4946
3179
2273
6181
2260
6010
6056
5243
8310
6568
699
4167
641
6546
9042
5984
7198
7110
418
4666
4045
982
5445
577
4161
9345
7471
1597
2632
519
2313
8182
286
4735
9112
3771
6035
803
2912
4224
8025
5977
3946
1245
5072
9912
9482
5126
2780
7235
1579
1546
3265
966
8121
5684
3460
804
5112
4406
4603
6092
5343
3946
4696
3205
2295
6137
6501
1027
8404
995
5902
6227
3662
7283
9400
2104
3953
5498
4894
926
8465
9681
6943
9885
2081
5434
6245
5074
1730
1554
3193
6189
5338
1845
7089
7088
8254
1786
5810
3781
4790
2035
5552
1922
1870
6996
6666
488
7692
2062
9516
6954
781
7560
3809
1973
3825
931
5907
8356
2311
1191
1248
9956
103
1363
3210
969
2867
5234
5489
5116
5481
4514
2389
7179
1454
1294
276
6452
770
8546
3930
2816
7544
8335
3475
1337
405
3413
1185
566
6637
2879
2551
3045
5741
6757
2714
3920
9320
7444
7585
5001
1961
8296
8836
7160
2153
848
3269
3500
3147
2577
60
9390
1199
6514
3833
3177
2597
2494
7614
3120
1524
7412
7340
1962
7953
8430
8750
414
8468
8765
8307
4796
3218
438
2033
2106
9041
2150
85
7847
2214
3306
299
8094
4229
7146
944
7507
576
6925
1489
9218
5554
9127
322
908
5835
6811
39
3730
1699
4370
4169
7224
7660
2196
4039
3871
3520
6086
831
1517
2845
1533
5838
546
8265
7514
1434
5376
2093
7841
6310
6625
6316
717
1198
1126
8176
8730
5451
1863
6292
2199
630
8842
7544
8523
4538
4953
6801
8989
8050
7937
9947
2337
7500
719
5697
1325
7384
7589
3143
4516
1744
2957
140
552
7671
2751
2262
6295
1091
5930
3278
3395
3241
5006
5900
75
6043
29
5889
6215
5991
32
3508
200
9065
9602
3791
5395
3724
5927
1143
2612
5080
3461
4333
2487
973
9150
5168
8270
9875
1081
7805
5247
1283
7351
5951
7709
1605
9989
2078
8197
2371
825
6142
6636
3103
2357
1293
8842
8123
6866
604
4933
5179
1300
1916
8178
3876
3770
7564
3951
3609
9904
1996
6627
3915
3753
3039
9488
5012
8467
1928
9020
2646
6526
3144
319
9305
7977
7542
4776
3387
7802
1308
4675
8934
338
8861
1899
1213
9487
5
9544
7574
8338
314
5927
8809
806
9051
181
3500
873
754
7474
6779
2132
5035
9705
5311
1445
4087
4485
2345
5767
8974
1180
224
419
3826
7852
2892
443
1740
7041
7603
4074
7417
1504
3300
8787
9337
3265
2953
5933
8618
628
8506
9523
2612
8166
41
8392
8790
4130
5246
8655
8443
8189
1367
5153
394
9988
9420
6403
2002
5597
9661
7471
8525
4618
8026
9134
2142
5431
5613
9713
8805
9890
7105
8056
4497
1611
9523
2254
2443
3926
9650
8937
9342
4588
7076
2200
1803
4313
9913
9592
3812
5408
1923
4959
2281
4867
3067
4408
523
3578
279
2160
8819
9573
1662
7661
7184
8615
5228
3933
7878
9841
2821
9885
4263
7668
917
6050
8192
3711
2618
4044
277
4087
9359
4949
6109
8132
6593
771
6774
4322
5021
6130
3864
7956
7841
4438
7591
3047
4895
3951
1579
7779
6620
4292
9436
8871
4260
3309
6327
5252
7931
7446
3386
5539
813
6240
4077
7013
6004
2954
9353
5996
2374
8925
2831
855
7147
8751
8106
9197
5863
7112
7788
271
4896
5694
7902
2044
7736
481
1846
9
3912
5489
5313
1343
8577
8931
7260
3770
1571
1727
2303
3151
7052
6321
6786
7680
8699
5823
4136
9400
903
9659
5126
5665
3380
2088
5187
4193
5192
4251
3989
5373
4304
8706
2214
4626
481
7823
6598
5763
2584
3870
7177
3557
6150
9108
9955
6
3495
8837
4159
4167
6545
8931
5696
9818
2078
2154
7475
8729
145
4271
2840
9867
9051
1822
523
6437
4463
8332
8260
3389
5988
4643
7460
7707
1848
2119
3210
2632
1179
4523
2270
4809
3908
5523
6698
278
160
3978
2286
1228
4740
8437
9056
460
7316
5602
5757
4631
5658
4897
1506
524
7528
2761
5497
820
6616
5763
57
7150
9310
1263
3228
8564
2034
7943
4539
2981
3360
6268
1645
7676
1202
680
6111
2381
2994
1190
3808
5238
5971
1886
9045
7460
5395
7858
1913
7340
922
59
5120
8006
5128
9679
10
6226
3714
9772
1447
1439
3860
2078
7755
5224
5791
1242
5029
1434
2737
6962
4748
6346
6161
7004
9897
6348
6364
463
7536
7938
3435
1171
5130
1067
9824
5733
3857
2272
3820
9317
4577
8425
2687
5030
1179
5442
5259
9465
1618
8815
6467
7865
9123
4476
420
7204
4759
9135
4439
4469
7826
9018
3730
439
2408
4683
5303
6323
6820
7485
135
1778
7629
167
4607
8030
1502
65
5805
9070
6210
8422
391
7269
6754
3458
3455
7093
3860
8001
1992
2102
9792
4713
7491
5911
856
3254
3458
7374
6815
4085
6682
3898
4953
3037
5515
4492
517
9253
4530
5943
5895
6671
2528
1309
8037
5808
63
9842
7326
8304
3413
1395
1424
1393
4223
6380
4438
3293
7933
4441
5167
3356
9554
1124
8166
2737
2325
2060
7887
2333
3388
8416
9261
4811
714
5729
7739
6608
7217
590
8041
4017
1245
6155
3608
4661
7448
7916
8170
1990
8392
5799
6661
5771
5248
7269
5260
5993
5371
8824
9330
1063
5649
53
3623
3741
3131
5233
1300
9879
8642
2359
7006
5666
4831
8438
4557
8861
7418
2895
1606
8277
7284
8039
2088
3618
1488
6663
2211
4743
3291
2046
7284
5371
4847
4929
4768
1320
1317
5326
3626
7460
1897
4457
1203
769
1453
3516
6730
9075
6314
1538
4822
6394
9117
4167
3299
6129
562
8817
7098
2822
424
9376
4085
1619
6237
5418
9186
2181
5687
6663
398
383
7954
3385
3958
6781
9980
7349
6259
5628
5956
5942
6904
1951
2219
4198
750
7109
5148
5579
6706
5161
6701
2578
7641
3345
753
2472
8806
53
3550
1892
1859
2753
3281
6251
7796
6526
7004
6555
4870
1087
8004
6612
6937
493
3007
8250
3550
5058
6645
792
5642
9465
39
3743
9606
4522
1460
8409
8236
2566
9626
5002
9123
8125
4416
6675
9807
6141
5488
884
4312
9768
6666
1497
7484
8567
2760
2143
2014
5800
6004
2454
7946
412
1232
4018
6049
5307
2509
2190
4496
8571
9065
3166
2966
8376
5053
3196
9509
5516
5907
8184
3272
9731
3901
7517
581
7282
6877
5492
2707
7613
7057
7372
1201
6336
1344
4823
636
292
593
7207
9256
7953
2961
1090
5132
5087
5621
181
9202
1229
9888
1874
6810
7288
7126
4607
6217
8377
6653
2303
5997
8851
2347
8327
3144
8423
1603
1569
297
9258
8905
1564
3571
3946
6376
7856
2123
3419
5360
1236
6840
1991
6356
916
8271
4002
9419
2238
3323
2785
3544
4071
6101
8073
1459
3724
780
2392
5791
9884
3404
425
3586
864
5120
7947
8849
6269
1508
8488
6907
5108
1381
6581
175
2282
3718
6191
2228
8460
3257
1694
5931
5373
3635
6673
1850
9758
1990
2692
5139
4331
440
6208
2687
3484
7939
6830
7423
4702
714
4244
3371
4101
656
4289
3291
5930
8854
6927
569
1428
5794
118
8393
1965
662
4002
2177
5066
9646
9187
5718
9626
7179
1463
7620
8367
4659
2761
2155
1444
8327
4846
7917
4978
1729
7850
8373
2268
8441
539
738
3442
7606
2956
3471
1378
8243
4996
8131
7890
8217
6348
8333
4365
356
4243
7115
5301
1243
5513
4136
1541
7894
8542
5841
2371
3757
8892
4958
2132
8228
9616
514
7474
3255
3556
5938
6012
6484
308
763
5731
2887
4940
915
7239
5842
9050
3675
7702
4221
7279
6011
6146
4216
4043
9158
4693
3350
5868
8094
9250
9376
4511
1861
6204
8673
4785
9564
8734
7083
8927
7317
7512
1160
6214
3411
5759
9316
2584
2529
7898
426
9988
4994
4364
2154
9400
3675
2539
2435
4497
9479
5219
5378
5336
6138
3555
7154
2589
6385
973
8383
3310
4559
8230
6977
8595
5180
7472
9442
1998
3090
4912
9233
5119
8385
7596
7919
3384
8572
9600
8618
707
1106
6969
1486
6471
1801
8721
7837
2056
8470
3313
2919
7011
4605
6120
7321
6871
4887
3687
3539
5648
2908
4747
7293
6013
1590
6385
2879
9359
8486
6068
8041
6069
1406
6740
6632
3563
4608
2707
6693
5987
2192
8593
7465
4800
3257
2311
1336
3885
2890
5690
5760
6348
4126
3164
5768
2692
8637
9764
9854
1662
8088
4547
747
5743
3889
4548
7854
3027
325
7356
12
5953
4989
7500
5586
5299
825
2983
1930
4719
6136
3472
7760
7117
2435
973
72
9172
5193
7099
1916
4480
9164
8460
8542
8912
8288
3160
7221
4052
9931
6886
388
5865
4636
6667
2684
6102
5465
4026
9894
3392
5554
6941
1874
9435
8529
1809
2101
3273
4085
2435
3685
3222
194
2954
5353
1721
4201
5559
1251
3098
7325
1921
5207
8035
1013
9264
3549
1406
9002
8200
509
2040
5947
9650
6788
3993
2060
2420
4976
8940
3311
1345
5132
8404
8433
8314
92
2723
7233
4920
2843
898
9525
6028
7631
1743
372
8099
2407
2138
5267
4790
2656
2613
8383
5014
5717
3946
8091
5446
276
1053
6566
270
7874
2019
4493
5867
2014
812
7640
7080
5694
1968
9380
4744
88
4298
2100
1212
5468
8577
920
1768
432
1059
5091
5031
7074
665
6058
4706
7771
2744
6252
8371
3978
6417
9417
6392
8584
5664
1471
5504
1226
6596
772
7115
255
4606
7995
9968
5976
5489
8786
446
7258
4019
6851
1505
7645
1987
1215
2982
7666
5210
9001
1869
7252
5683
4268
1027
5832
679
4208
8762
8011
5357
6321
9726
9545
9235
4027
9657
1757
9746
3682
2641
2492
8011
2884
9763
8266
2970
8597
2295
5331
27
3688
894
7052
9511
2200
4678
1220
8417
6914
495
3691
6105
7589
3234
4095
974
4608
2586
5268
458
747
326
537
1122
3253
4878
1994
9143
9473
6697
8539
3965
1954
8831
4575
9583
3045
1928
8999
8539
4871
1890
9405
3481
7789
1405
8249
9904
9358
3677
6149
1598
6275
7794
2457
7198
3745
391
4780
2258
300
7549
7204
6305
1217
4164
1661
8446
389
5444
8072
8249
8723
6645
6712
911
6986
2642
549
6957
2376
8564
6264
7132
1040
6313
86
2532
3273
9529
8646
8541
4176
1307
5616
8650
196
4821
2090
887
1154
6885
2356
5226
8121
8445
7013
5111
9803
4022
2217
9985
4003
4183
7258
8639
6131
1285
2639
5055
3762
8925
7356
9449
4801
9801
7177
7240
6924
5024
5383
7812
7678
310
3643
3074
7864
930
3479
3087
5628
7827
8143
2320
5095
1874
602
5445
1279
1905
5825
6024
2545
4844
4591
4913
2928
3023
1638
7767
9268
4629
3099
2624
2294
8089
6959
9252
6541
167
5470
1640
1318
578
374
3844
3785
2973
143
7247
5690
3318
3454
4211
7254
1898
4624
9101
5317
4409
4834
2691
7946
977
7633
97
4410
9306
8429
5519
7677
9619
5464
9362
6401
4571
4095
4548
4754
6910
7149
9241
1370
1278
1554
2596
3213
4269
5489
8658
6194
8618
923
1052
2044
3234
3516
7752
92
675
5637
871
3368
7618
8474
1144
788
1903
6118
599
997
1802
7866
9745
8962
9305
4980
7553
3331
9430
4663
3469
1202
1822
7120
785
7034
9243
1218
9739
4138
9939
486
6981
434
7332
3979
5175
4971
1013
5870
2905
8093
7552
3558
334
6070
8346
6525
538
496
4365
7232
9904
3861
4485
934
3535
5292
4866
3437
3212
4667
1784
4560
6139
9052
9242
342
2443
2732
5710
8877
8177
970
1442
3061
8458
8092
8928
8529
2285
2463
4291
6568
6572
4517
6646
9905
1974
9115
5828
3907
7201
190
6247
6985
1692
3905
6105
1740
8742
6347
6711
2752
2497
3172
6229
7831
2574
1549
5824
6996
9488
9250
3876
7506
2572
1801
5703
3839
9608
6237
2067
8693
3997
9195
9623
4795
981
7821
432
7581
9166
4292
5667
5679
7380
8630
742
9490
9774
9917
5203
8200
3995
3033
963
2011
8248
6585
6699
9546
3101
7852
4579
9991
3022
2228
7873
5783
782
7918
4452
4433
5119
1447
1704
7400
8338
5927
2978
9881
5908
1955
4294
7800
4497
532
2788
7357
8437
8433
5099
8073
7081
9124
4759
2423
7212
6468
2531
3874
5248
4243
2588
444
3811
1800
451
2706
5947
5065
5695
3611
8213
2535
3541
2448
716
7908
4702
6800
8223
4559
2078
4447
1462
2211
6252
1843
1888
2814
9116
6979
6344
921
6425
2270
264
3655
5576
7414
9408
6736
4511
3100
440
5975
1263
3904
95
8157
1393
2749
1191
1283
2306
9903
1250
1780
9298
6628
6138
5458
8037
7356
6786
9789
2182
4494
1810
7336
2818
6863
2616
4086
8498
6134
482
1863
812
5643
6987
997
602
2445
173
7984
4224
6626
8866
3022
7574
1484
6689
3971
8002
4478
5488
6547
682
1556
5097
5390
6518
6894
2718
6983
3276
5913
498
3396
229
1972
4346
5267
9351
6130
506
3554
2834
4985
8954
2176
7544
3739
4291
7878
1927
385
5492
9395
9821
2170
5589
5294
8657
7339
1185
8788
6612
3593
9543
8201
4405
9634
7915
3815
2656
7723
5781
5356
4978
3272
5700
9539
302
2145
2586
3744
5342
7555
4414
176
9543
6251
9567
4660
387
8006
10000
