5367
5848
2514
568
7037
5117
2586
3438
5819
2291
3783
7224
565
4194
5081
9115
3195
6767
5178
7334
6596
6261
1229
2053
6542
8004
117
1216
2610
4442
4045
9633
4214
3250
9791
1490
4416
3175
8874
936
5939
9982
4102
2759
961
7370
6491
5352
8668
8066
5371
1115
2315
8428
3677
5262
598
5826
9849
2581
6477
1861
7559
3128
319
6011
4584
2063
3192
3723
2505
5850
456
127
9671
6949
5420
5589
860
1739
7759
2121
8420
1927
1637
310
1319
7969
4030
4884
502
4144
4622
3261
1219
8836
4815
5553
5587
294
4902
6316
1539
7702
5259
8094
7531
9740
9508
4277
5906
7953
5065
4129
1642
281
9220
5980
7382
837
6937
5503
68
5654
9957
4803
9336
536
5452
4546
2843
6370
6473
5813
9177
9300
5754
522
4635
8005
9031
9260
6248
8029
3995
3241
9727
3523
6214
2667
7660
126
3936
7299
282
8749
9541
6223
8364
8986
6611
2935
5416
2590
8043
8716
4241
1974
2490
1972
1133
6102
3477
3735
9514
6232
8029
9829
3651
7009
9329
8353
2248
4178
1045
7068
1159
8767
9279
9040
4252
9050
1812
6467
1551
5791
3287
2005
4152
3331
9301
4079
6169
8928
1967
7724
4938
5424
4478
5269
2097
7793
2408
1854
9764
2419
5071
9195
8041
9054
1117
7274
2299
9307
8723
7716
1344
2285
2235
4479
409
7489
3937
7201
6166
7476
1697
47
4469
7936
745
4213
5365
803
500
5410
4080
6850
5492
8548
1132
7766
2742
657
9503
4179
6671
9605
1907
5290
6599
592
6565
7828
1200
4569
5621
6894
8893
2775
6369
8933
3084
9365
1793
7528
6433
9772
3553
6041
8843
5882
7544
7181
9777
344
9418
8545
6652
1437
5034
4859
7590
6791
8711
2231
8580
8938
394
7039
2250
8201
1325
2287
7860
8755
6673
7195
9884
1795
2748
1623
5600
5742
5835
5500
479
7128
9510
4860
3840
7414
7364
314
6244
356
8446
829
4384
1737
3502
5536
8885
8298
1042
8944
5308
5516
3662
452
8953
4516
6673
7289
9564
6855
3050
1160
2935
2153
1005
2779
2597
7669
3053
5176
6244
734
8366
6247
8381
4721
3406
3332
2783
6683
9355
7795
5794
160
8703
5553
4237
9753
7502
279
9749
5038
4266
9634
4763
126
1245
1271
3982
1786
8936
4600
9240
3381
34
6343
4925
4119
4805
2754
5741
3080
5829
9042
8574
5351
6439
7033
5396
3184
3808
5383
4764
8596
4626
2743
5306
5030
8543
3239
5762
4828
2192
5300
2675
6097
4461
9458
8599
7286
1924
8069
822
286
1862
70
3053
3183
9129
6898
232
1941
2287
1427
9698
6222
3886
459
328
8337
9533
2642
4921
5864
515
7988
103
7864
5087
2156
2345
1852
4309
8532
8294
3626
9289
3816
2547
4953
8065
8297
6259
4692
1991
275
5505
7397
3454
5214
9217
9722
9028
4111
2672
8988
4774
2302
4013
188
3258
9471
8102
7375
5116
3952
4084
2925
1486
9636
541
3439
7487
1713
4774
4235
1053
8317
890
5291
5931
8706
4675
272
2370
5069
1961
6854
4183
4238
1154
930
6202
7648
9936
9489
1900
2743
723
6965
6976
6675
9448
7671
999
3639
7430
2583
5917
465
6692
2166
7151
1205
4922
8205
284
354
7483
6691
3966
6080
352
649
7510
9390
9679
6554
9911
2482
791
451
5526
9739
1871
214
486
7760
5308
8552
3067
6649
2769
7269
723
3361
8387
7079
6233
9329
8191
8838
5523
8836
2837
1440
115
1602
5064
8810
7878
2968
2868
3470
6757
7660
4362
6933
7529
8636
492
7846
3255
808
7385
7240
5075
507
911
6502
6271
5512
2300
7762
9095
7164
5062
8268
1771
5632
355
21
6309
1774
9979
3459
1245
4167
3680
9279
7322
7885
137
5652
8227
2387
9091
9011
2987
9471
5441
5354
1396
8688
4803
5587
8931
6810
4028
2809
3027
19
9487
1633
8272
2306
542
9665
4121
1255
5555
9057
5086
2861
3043
1722
9959
330
1113
5203
3642
7880
4227
7490
2402
9528
7480
8119
955
4533
5104
9788
7712
5737
1699
9419
2694
4363
1814
107
1183
5054
5943
5705
4988
7839
8728
7961
2375
9574
8236
2027
7159
5965
3520
9958
7236
6713
1404
3370
2930
543
2350
5815
5907
3933
9667
2631
149
7187
5840
1040
7491
4200
4787
6067
1555
7693
9001
8518
5585
42
6187
9689
1637
870
772
3713
850
6550
1954
2587
7126
3428
1340
724
9429
6180
140
5651
1149
5025
7901
8920
8476
700
2278
6670
3589
4083
2032
2374
2607
8139
3522
5284
2698
3459
4329
6826
7554
5091
6324
3772
5484
7586
4483
1412
9807
7216
7077
2140
6933
5183
7458
4864
3539
3306
7617
8500
587
4132
8924
8424
8599
748
6009
8203
5524
7619
5628
200
5868
2752
3533
7712
7283
3160
8847
8175
8760
188
7279
1690
2764
8584
1601
1612
2159
3379
269
4276
1654
1608
2790
3073
2587
1717
3516
8026
9403
2072
3900
5780
5880
1434
6934
6501
9306
8466
6479
3545
1177
4397
8523
8973
3712
2823
999
2994
2496
3263
3727
8225
6916
609
317
319
1692
861
9390
4930
4764
4678
3362
7270
9095
4141
9225
4570
8507
4927
7228
3631
594
5545
200
5392
2952
7726
8340
5890
2488
7152
1769
8360
1445
1740
5848
4340
7861
5453
2347
2582
2723
9240
2914
3342
790
7098
9956
2206
7174
4503
4071
1957
7175
8473
6448
3233
2550
3403
9289
4692
3466
4458
7223
1251
1666
800
7946
4587
7092
4217
856
3547
7122
4817
8341
3351
4869
4372
5543
1582
600
9625
927
5794
8186
2411
1785
2311
6760
810
5923
8271
6246
5681
3219
9305
4276
9957
8471
3367
1166
3822
21
7181
9069
7524
7006
5547
1216
4990
1775
5283
7244
5622
2989
5007
979
8720
9247
9125
7806
4800
2689
9435
9739
781
6956
540
7664
1438
4151
5931
1875
7881
967
37
3981
4843
5048
7788
5546
2559
8823
7327
1399
5659
9539
3384
8466
1133
1023
8506
4182
9685
4844
6896
2055
41
5957
857
5821
3702
654
3066
7747
8437
2727
8762
1126
2427
7080
753
1761
7383
8753
6695
8358
8164
9273
2480
7102
8505
1584
7769
1438
7285
9407
9728
4102
7443
6830
8821
4758
128
9160
6181
3280
9965
6624
5500
5658
3408
8387
3656
6803
1087
5532
3352
2083
6760
8124
7952
7357
54
3326
3361
5472
7496
8603
4336
5695
6532
6531
2931
1426
193
5434
4890
665
5862
3156
5790
3168
204
9622
2456
8009
3730
7540
6777
5363
2699
9582
8400
6702
3104
4698
13
8322
1335
5812
3916
4153
8787
6117
1401
5124
3155
1398
7109
4019
7440
1384
8967
6713
8823
4004
575
2959
3427
2580
6986
2490
9791
7518
6699
5082
3330
840
2390
6456
6503
4015
414
5409
4491
7013
4430
1424
4235
9203
1637
6112
5426
813
1065
6368
5673
7014
2104
1838
8472
5386
8055
4418
1838
1507
3842
2898
7506
6717
9242
1562
5442
6743
8996
7611
6098
9767
8980
8579
3298
7802
3245
7593
3948
5775
212
1260
6868
8593
7522
2281
1948
7637
4152
6431
2564
4648
5278
1481
8741
2756
54
3842
5889
1524
5007
7222
4106
5311
6052
6447
6035
2021
266
8723
7035
2323
4537
4113
33
7842
1905
6734
8856
459
8055
8309
8047
3887
9746
6077
4232
2976
4196
7801
3933
5827
3434
7631
5420
8722
460
7897
7646
4132
4682
3599
7611
7604
2564
8285
8611
213
5641
2302
5726
9442
2181
6996
1652
2841
616
1319
5502
5627
2573
538
9573
5514
868
249
4227
5480
3106
2736
9016
7927
4711
6888
8985
1752
6117
7313
8671
7212
7642
3104
2744
2148
2114
1761
1459
7118
9726
9211
1146
6322
1778
2538
4775
5785
9970
8117
5363
230
5759
4117
5405
5287
9895
3049
8850
2269
5719
6952
8214
8595
1057
5128
8362
8117
2623
1872
200
2140
3721
9602
2076
3674
739
961
4025
4624
6431
2008
180
8037
8325
7459
7623
5255
8689
8066
5773
914
8491
9717
8978
7063
1486
3583
6425
1383
6196
6752
7685
3467
2889
3168
9265
7429
9870
5435
7392
8749
8436
9031
4920
8153
8626
1860
5716
5611
8549
3676
8192
3079
8554
1922
747
5461
7690
2755
5788
5479
4060
8654
5739
9615
2498
6888
3989
9104
2724
6347
6077
2058
8628
3735
1579
270
4674
4016
5142
6942
8519
4096
5909
9685
9930
3224
8158
6476
4807
8355
2432
947
9705
7821
5629
7384
6638
2025
575
5115
140
5633
477
6575
8568
1710
1279
3284
9448
4636
5462
9213
4316
5253
4084
1558
1940
8661
3
4833
65
2380
4087
5350
4916
156
7998
9675
4556
4602
1641
2420
6898
69
735
5899
5701
5693
137
6553
8168
7358
1510
843
5926
6511
9731
6317
7105
3194
1043
1991
990
459
7349
5783
8293
7386
5297
5815
9494
8381
5842
6647
863
7064
9802
1150
2816
4173
7634
3658
8069
164
7085
273
7683
4900
709
7761
1550
8752
6308
3344
6125
1712
7299
3877
6276
9728
6716
4380
28
343
8115
2735
4641
2948
8991
9420
12
2490
7481
8661
680
9296
1126
43
862
1847
7218
7748
7899
3765
7907
7915
8240
1102
9625
3313
6676
1055
5614
8515
3904
8666
2422
8060
9726
3764
6033
4713
9159
6440
995
4865
6597
5676
6396
3360
8767
2400
5792
587
678
5212
4335
555
46
4287
5237
9833
4692
6562
9454
3757
4378
3202
6996
8081
3151
8561
5637
1399
859
8383
2962
6076
2758
3816
666
3171
4314
6960
5797
9916
4218
3158
2275
6638
2404
4975
7389
3747
1445
2934
2232
8359
9052
8458
2080
4465
6642
5182
2542
159
3914
5840
8
359
2220
3237
390
3739
127
5509
8419
8091
3048
7800
914
9263
5045
4779
1298
4942
4997
1010
9410
6108
1214
9071
178
5728
8261
8558
7077
6430
7285
2600
1470
6304
6433
2386
6894
4710
1117
4336
8162
8070
4805
8999
8738
8944
9777
5565
6261
395
3880
947
5347
1654
3674
7793
8795
365
6565
1498
3218
1357
4555
2323
2761
1777
16
5051
5053
7688
9577
5270
6844
7797
5625
8332
2848
5816
6198
4312
277
4182
3120
9892
3230
8325
5103
5960
5681
2488
7250
7976
9141
5235
893
4644
1243
5187
8033
9277
4476
5310
2766
7405
84
7086
8051
3623
762
4323
9915
462
7164
9983
2763
2142
7507
8454
8871
6478
6577
9962
2303
8930
283
3460
2518
3777
4596
9244
5767
8781
3182
2810
2998
1328
6305
7008
1430
5993
4724
425
3248
5775
6178
6101
8897
1813
8818
6201
4384
9301
5458
5036
1655
546
4894
4976
8659
9614
1685
7216
998
6869
3790
2101
230
5850
8222
1775
4812
9392
8507
1285
8451
6680
4135
2961
7185
8006
1427
2872
920
9405
7278
7478
7326
5052
2099
3220
6019
1335
5929
1692
8774
2853
2192
8342
7150
7234
6837
3123
2353
2648
6724
7476
3418
9131
28
3130
8882
2473
3153
4745
3974
7271
3213
215
83
4009
2450
9570
5740
3508
1173
5841
8689
965
8742
9009
6764
924
7937
7199
1214
4004
6633
7671
9904
5961
2143
3819
9366
9780
7803
3390
4086
1861
8406
7461
8583
4102
986
9296
2863
4693
53
7170
4661
1774
1931
5470
2485
5770
1081
3944
1962
8158
2440
5845
4227
6733
7686
1897
9161
9979
100
8493
8188
6097
2211
5355
1026
5429
2787
0
8293
8544
4871
3786
7203
6104
4574
7059
721
760
1104
8980
1472
5808
2114
967
493
95
4895
1398
7463
3767
3119
3175
3436
4841
936
5097
9310
2295
1032
2571
3259
7417
958
3154
8200
1445
2490
7644
5961
4249
2100
7993
8321
5689
6685
9204
6299
8633
7662
3533
8166
159
8218
1819
3550
5371
3089
8581
5672
6503
7556
4627
6282
8467
2546
3360
8184
875
5682
4700
8364
5684
3925
3618
698
9115
2055
8614
950
6226
2652
9201
8384
6647
7467
388
7651
361
7122
6528
1848
3140
5905
6463
2632
2259
1138
6865
6111
4471
2020
885
3850
9837
1188
4823
6796
7024
3305
6343
6175
7898
8922
3994
9484
1873
8582
9250
1601
3362
1672
9126
716
8875
6895
9503
6294
3865
6375
6770
1635
3227
3423
8107
6681
3528
4743
8797
7718
9512
1499
8325
9332
2170
41
5710
601
789
2354
8499
1839
6773
8311
9160
451
2746
6666
7238
4432
6471
9407
5574
9883
5471
4539
4101
4556
4860
5687
5330
2873
7881
2994
1475
9129
5919
8707
4364
4672
2328
2585
5778
1718
2330
6783
7647
1175
9450
7242
8683
4350
7479
8762
6434
8733
5781
3930
1499
6194
4941
1851
3702
7880
9173
1242
8391
3832
1724
3868
4695
6958
9565
8516
6600
345
4073
2755
1975
4103
5138
9583
4319
2954
7111
8713
6923
8584
6399
7750
9401
1425
2118
6795
2066
4967
3218
1102
4549
1979
7727
340
1175
6069
2387
9758
7171
3919
3836
8056
6534
3198
5704
9147
4540
8717
9515
148
5293
4639
1147
5927
7449
3775
8702
1305
9332
5870
2171
5643
8000
5593
9980
928
5524
7491
2658
3729
9713
9567
9217
3424
5849
9322
7572
3941
604
6141
6364
3943
9232
1672
1846
847
2401
5556
199
7383
9552
7237
2553
5453
1568
5897
7303
1043
6715
9610
1885
5579
286
1683
4058
3749
222
6883
996
5084
8074
2721
2961
6824
7124
1312
7230
8536
7200
5455
7036
4741
8806
8523
9793
443
7546
1522
8636
5821
3484
2236
1381
627
9109
766
1429
5817
3858
2985
5841
9856
2774
8406
6846
9744
1812
1810
4362
2336
2546
8617
8790
9801
4587
2396
5269
4155
4896
9226
2892
9746
9342
7633
4938
9287
3384
4758
9099
8555
5507
9083
9883
7263
9227
7561
8894
8744
6852
322
2550
9094
972
9239
919
7183
7684
7634
5850
569
8942
7100
1311
8764
84
4040
3984
4507
2616
2880
7521
5776
1594
5128
9594
6087
1608
3436
6924
8331
5278
7676
9762
7839
3413
5653
3989
3700
6568
4526
5933
3409
3572
287
2313
4903
3798
1698
5259
1693
6438
1974
304
1418
1856
6223
3433
5446
7192
5121
1797
7338
861
5658
1546
965
8280
7918
5400
4855
4275
2773
1991
7952
5932
9194
8854
3398
3374
1377
970
1147
4932
5337
7198
7296
7476
1768
7643
7849
2296
7012
6023
7301
1864
6778
2442
7912
3031
7903
3618
3833
7794
1888
9605
5329
3624
199
8276
2302
1517
5397
1467
2994
1450
4058
9568
3340
1719
7113
4534
4754
732
777
4866
3322
7309
6549
9897
1350
8243
1881
4904
2997
9949
4097
3015
9338
4405
8872
4661
4609
8253
1159
404
4616
7939
863
8374
343
3064
7709
3280
4625
4749
9816
9943
7443
5731
8263
687
5855
4188
5610
2537
7878
3785
9738
7151
5748
8381
5682
3689
2876
942
7166
2404
584
2761
6444
4652
5200
844
5757
3208
3485
8485
6221
5330
4513
6441
267
9828
9100
9899
1928
8551
3676
9452
5162
2184
4102
2707
4214
9984
6336
6786
1550
3229
5088
1015
8302
2487
8659
3372
9359
9588
7979
3911
244
6167
556
3284
5735
1991
5526
4747
834
7955
4245
3590
3134
556
2032
8783
1878
6975
521
7838
3097
2443
6869
7362
2084
4496
5561
8586
4169
1925
923
9282
2260
9757
3642
899
4946
5425
2532
2513
2082
5467
3597
1215
5734
6533
2057
1952
3126
9245
9380
8513
4774
8578
6653
1346
5421
9804
7583
7177
7540
4751
9367
78
7224
9176
7255
3480
61
8363
9152
7958
264
4742
9889
102
9755
8237
895
3696
5160
7384
9902
5599
9752
6802
7077
5212
4265
4526
8485
8225
5181
915
5150
2457
1641
9369
6164
6034
2393
7948
7238
5896
2402
96
1919
7671
4605
2188
1268
6336
6149
5346
9226
764
9933
9083
5129
4237
1727
4742
1853
7335
301
7372
7953
9200
3022
5762
4788
8144
2189
1642
5142
2768
8032
742
8123
370
2708
352
6209
225
5942
301
4270
5566
6975
6858
7071
9545
9418
1975
1345
7271
5263
3478
862
8160
1853
5356
8070
223
899
1144
3898
713
1795
7511
8063
5564
2403
9673
5868
3450
9277
4986
3845
8967
5817
6193
5877
3430
1281
1174
3430
1092
5731
1778
8418
3205
6055
339
4845
2280
5957
8808
5901
4138
8523
2087
6430
5912
3345
4119
6819
4025
1497
2564
3275
7337
705
5457
1161
7183
9933
1188
2639
7784
7326
1299
7178
7670
7947
4185
3705
5176
8053
6557
6093
8795
829
8729
9528
6262
4404
9223
3866
4591
6763
3970
1515
6967
3716
5482
1612
1410
5503
7746
9302
396
4771
3340
8772
302
3709
258
1375
4385
908
7299
5640
3350
9191
8507
4277
3026
4070
9122
4351
9612
8765
7773
772
9080
5786
2230
9921
8853
6968
8937
9799
6679
3544
9762
5456
3707
5346
2916
3574
6253
3553
8843
8118
3455
4545
6023
9701
6072
3348
6100
4960
5075
3937
2523
8626
7335
233
1962
216
9719
5993
3187
9299
2213
4027
3781
8171
5298
5147
1115
8394
6759
5100
316
8191
8323
3369
8644
927
3104
1159
2628
1029
681
7168
1607
2643
7844
8783
8901
7993
9495
3266
9736
7008
6047
8159
3257
7100
743
2654
4511
2158
2774
2021
1080
2795
9798
5271
8232
5673
6549
2246
5904
8352
4550
16
602
7500
1678
96
5400
2548
9273
7339
1621
3908
8832
8582
6489
4724
9910
4121
2067
7801
5819
7920
2144
4818
3927
3080
5366
3249
2942
7565
4897
7486
412
1420
7129
4601
9876
791
4604
1908
8575
5963
1149
3008
3459
296
499
1379
5318
4476
3151
5727
8330
5812
83
9282
5035
5431
6078
6047
4811
7197
9884
558
7309
915
3208
4198
957
8973
5623
262
670
9930
7882
2082
8188
4807
1830
3311
3079
1787
1145
7187
2412
2896
3456
2028
2292
1854
1076
3535
5058
5736
4495
575
1787
4343
106
8
927
253
1191
7894
401
9405
9107
8917
2286
6778
9835
3236
6350
4223
9544
147
1101
7831
1716
890
8792
361
7475
8754
3850
199
251
3224
2599
2065
5699
6335
5794
6280
7837
3614
4503
2769
2825
9054
4163
3179
2464
3391
1278
9517
563
7653
2126
511
6633
9386
3120
7537
3025
7308
7998
422
3608
1184
7899
9676
4317
7685
6572
5765
8548
9689
4430
7955
3218
6036
2005
4936
4560
1099
5447
6930
6240
8702
4164
4342
6203
2893
3428
1121
2841
8864
2845
1962
5493
932
4939
1218
9103
890
6791
8000
7937
9276
1673
6286
8637
4149
6909
1085
8649
6817
8828
1710
2035
1615
5604
1013
1071
7330
4003
5104
8629
1139
6651
1495
3351
2048
2268
4891
6866
9725
2514
8894
9907
6353
5586
8811
2078
3668
8517
5420
8229
4697
7223
2063
2942
9899
5804
7779
3442
340
4343
7306
415
6399
7476
4720
5682
9020
4429
1266
5431
2024
4836
9488
7819
8151
3704
5149
4155
8598
3153
5644
3562
5645
8212
8606
2084
622
8855
7229
8498
4975
728
9473
776
453
2565
6755
9085
5558
9153
4001
3496
9306
4903
6988
7157
84
4568
4817
8587
6924
4455
5017
9967
2872
9604
6338
1822
5281
9833
9566
8316
5871
292
9859
1564
4145
234
5042
7794
1390
7062
3049
2986
8886
1418
8288
693
3182
3050
1077
170
3350
6513
6511
8608
9954
382
9097
7356
3168
3568
7378
8282
7934
7596
8317
3140
7349
4253
4745
5726
1579
3860
377
3903
8502
648
5992
6157
4024
8167
7271
5259
4543
9500
9456
9786
1388
4149
6528
2829
7244
5896
2919
6008
7523
3699
3884
6099
5465
734
6649
1016
8322
5038
8171
1681
3428
8940
6945
6397
7167
3412
5656
4746
6881
7811
8694
8732
5649
5078
3542
9931
2502
7423
7881
2747
6128
7732
4873
5498
8409
7512
7563
3061
5259
3062
9557
7042
6098
7725
3255
2050
79
9573
8745
9537
6694
692
6226
3893
747
6356
2280
9003
6844
9786
5669
7311
6551
968
1458
7586
2111
6030
3219
2059
4283
7078
1809
8346
8220
1032
5818
6706
571
52
3144
8532
3011
5381
5367
7731
2281
1134
6577
2639
4444
4407
6177
2483
1594
3395
762
9034
2508
5728
3675
1054
4842
5104
2063
6448
5401
5495
346
4574
6726
8692
5891
9103
2801
2740
7389
5
4000
5975
8923
1789
1616
3758
3065
3941
5233
2792
4445
8660
2038
924
1210
472
5748
8732
5530
2046
4259
2863
5890
648
9337
98
3291
72
8717
5389
679
3569
856
6797
9928
4367
5191
5120
3532
1662
6305
6296
8793
1660
8632
199
728
5167
9482
320
6208
5541
2051
5012
5866
3374
6829
2457
2258
7190
9345
8340
2387
2660
4562
7324
284
6348
3379
6840
594
3851
4686
4475
7305
6335
7212
8281
2661
3956
9002
2696
97
9387
8784
1452
1583
9814
2700
2864
4147
1117
1941
2137
2572
3689
1648
33
5225
5378
9140
7093
7856
3346
9977
7904
5782
3322
3684
435
8362
1665
7051
1346
911
2944
1837
9339
8262
3316
5447
5141
1100
7897
7681
8484
859
8532
4020
9600
1497
6871
6054
5144
6790
6542
2680
6234
9912
7319
1430
9341
8013
3671
7961
9121
8289
9834
3084
5983
3569
3673
1000
160
4877
1941
9404
8384
5587
323
2012
8847
6814
2618
6691
5100
6510
4802
7884
9764
5361
1317
304
4482
1021
2936
1960
3429
8510
7793
8507
3858
8635
9798
7652
8667
8195
1502
1853
2772
5455
1741
9949
7190
1822
1888
3475
2181
6047
8376
1445
3517
359
3326
8126
4029
8918
9554
1979
5930
7707
1023
319
8113
1583
4882
3492
6603
8570
6653
4422
5650
3680
5806
4196
1587
4566
5031
2061
1468
9123
2815
8668
3808
791
5604
4675
9226
766
2794
2961
4741
7576
5048
1580
6583
3556
4065
6337
2925
4651
9769
6400
9725
4642
9166
3722
9984
7449
9585
7200
9173
1429
7888
5489
7317
7779
6387
8185
1273
1053
5631
3664
9125
3592
4069
3322
2293
7238
4600
6162
9931
5057
8504
4715
4537
3036
7890
3153
7263
6695
8873
1104
6391
400
8999
2156
2664
7777
4115
4339
711
92
1800
969
6694
5721
810
4162
8474
7881
8519
33
6080
9720
1268
4175
7100
5523
5759
8327
3689
4316
3113
4325
5365
7489
1101
9410
4479
5151
4163
7759
9309
6929
5326
6688
3103
1633
8883
2422
6070
6832
7800
9537
1316
3719
5208
219
5034
4878
5056
4355
5857
2569
3020
9113
8242
2942
5112
7168
9974
7276
8068
6007
4448
4734
2571
6868
4250
2414
7629
753
3748
7557
2032
716
4888
3616
6683
4154
2199
6645
9856
6174
140
922
5905
5296
8336
3075
6833
5704
8017
2116
5259
6074
6002
8708
6775
3601
968
781
9483
3248
408
4165
8581
6497
5675
6300
4247
902
6833
8283
1821
1606
8636
5517
4284
8641
3886
49
8364
9330
703
8315
7283
3375
5729
6482
5093
9326
6231
1793
9819
5064
192
2438
5258
1624
5005
319
4123
9247
2184
817
8489
6911
7614
1135
6981
1724
4316
4145
2016
2582
7426
7785
4536
3246
9151
1014
8140
3642
4843
6064
9308
4544
9996
3350
5482
89
1983
9721
8187
4573
9644
2990
4061
4849
8463
5652
2727
7306
8994
8539
6733
8892
1452
796
5490
4934
9941
5994
2032
2609
5639
5477
8769
7830
9476
9099
5949
5067
1304
392
4441
4115
4388
7914
2700
5234
1140
7009
6268
4193
8493
6580
7004
1781
8992
3560
8422
8095
6806
3743
2922
556
6182
1395
6526
5986
3562
1626
6794
1341
3586
8893
9993
4697
3502
2217
4315
7988
114
2671
6967
5612
8351
1560
4279
8532
771
8319
5643
1783
2875
5611
4048
4389
9960
5377
8257
4618
7464
3645
4262
241
8184
3797
6538
2980
6627
7698
2854
8703
2815
1594
9908
75
5329
8997
887
6376
6106
5937
226
5952
7579
4880
5269
398
6084
2388
9352
5989
4185
2168
5870
7070
8514
9528
8334
8205
9084
5472
7098
6692
583
8680
9498
4753
6172
1401
6452
1174
9472
983
5233
5441
1041
2163
5108
3562
1483
6513
9762
3642
4527
4528
8076
1040
9881
2699
2683
7437
7515
2626
3949
5550
2113
1749
5573
1342
8871
5558
6805
8595
9579
9324
5449
6476
956
3306
5294
9355
5605
9169
1357
9520
9607
6906
6443
7700
9792
949
2904
3309
8017
1364
4220
6210
9402
996
1999
4433
6417
2301
5405
7800
940
8207
1602
5660
1980
9787
7799
8055
7609
9821
7776
3578
5859
5355
8303
3868
787
4285
3821
4267
6775
663
929
2497
6199
956
7776
2380
3066
8788
7255
7626
7949
8853
7098
1467
7610
1617
4384
1551
6068
9190
6782
5913
2548
9328
7930
5068
5753
8911
9730
7314
3197
418
90
9186
8949
4966
644
671
3096
3271
5313
5262
1447
1539
7250
8238
4576
2739
8636
2645
1164
4969
5117
1372
1782
7702
4199
5452
5755
3575
4887
3251
5550
8095
4001
2562
242
2129
3184
7798
2068
2381
9413
7436
7798
3192
1000
2675
9716
8931
513
6865
9381
37
5851
6681
1015
7301
755
242
352
8402
6482
4427
9095
7884
7036
3470
4761
6777
1420
3622
587
897
7678
4093
463
7469
5154
2832
9370
8204
3380
6765
711
3169
8240
56
8066
3927
8679
655
419
6234
119
4978
6719
2342
3940
2878
7728
431
5929
246
559
4020
437
4579
4065
7355
1109
9614
1258
3702
3556
8739
8344
2250
79
3327
8618
5880
1654
1334
3474
6466
7793
3576
2074
6553
613
9929
5850
6269
5436
5381
3950
2156
6642
6321
970
242
4078
767
8870
9108
2349
2320
866
9989
2553
6557
6237
9984
3628
285
1498
1384
8370
8665
5207
4770
7407
2501
769
6083
2924
8221
4051
8183
2784
6010
353
5520
4824
7375
8346
6536
601
1994
6963
2129
7593
5158
4878
118
8987
1306
1254
5007
564
6216
698
9569
4915
261
5009
9747
4235
7802
9234
7231
4306
3282
9774
4667
3884
2853
7866
6936
5727
1500
2607
8164
7726
9513
3893
8233
5213
8915
7115
4419
8418
9962
8295
3502
2260
224
421
7178
9174
3884
9209
8957
9523
6899
9247
3835
8299
4440
9528
2996
1259
640
765
4549
8435
7096
5544
7883
8057
5788
6383
3609
9281
4147
6048
3240
7891
4807
9132
2796
5110
307
3792
2320
6035
3431
7816
8937
846
7195
3740
4539
8882
4588
3586
413
3005
7085
5012
251
9198
2687
7109
9813
4285
8769
5941
6233
2867
2389
6992
2492
3084
872
4156
2854
9646
8440
2625
3237
1758
491
6100
6423
2980
5691
7107
5772
9883
7491
2904
2670
6416
892
8422
2343
1326
7322
2032
9851
6656
364
9521
3088
6411
7700
6596
2449
5777
156
489
7435
2962
7006
6782
8947
7674
7779
8445
2245
2525
4768
268
9651
6253
7131
3344
3936
541
7046
1083
3042
5417
701
356
4300
1780
2108
8788
1620
3382
5666
1970
2258
4802
4224
2421
743
6364
2974
5493
6262
1756
5936
6097
6410
9182
1017
4117
4582
2288
1663
5697
476
2801
7998
2200
3201
2862
7977
8547
4287
1367
9589
7944
3547
5268
8420
498
4185
3770
990
9123
4779
619
3202
7343
4888
7271
4973
23
7867
7624
6628
9955
9202
3234
39
266
1185
6413
7617
5087
5048
7505
5262
8681
9844
1727
1163
6224
3281
473
945
7880
3492
1732
1076
1424
2284
4348
6669
7708
9811
1281
6869
7546
7793
7710
853
8227
3427
875
143
2785
8955
9850
8420
5408
2479
5148
8304
1926
4082
9956
5668
5177
7549
7138
5990
1237
2074
8674
3950
4003
203
7148
7035
2404
7997
2087
6268
6665
850
7480
2336
7434
3791
655
3377
4389
8161
6834
1472
8931
7574
8145
8501
8997
4763
660
8420
2665
7538
8098
2270
1245
6444
6248
4235
1844
8892
7869
1969
4011
4586
3855
2020
5008
4842
2786
1708
3492
4064
7648
2069
1949
5085
5449
2609
4085
1323
2755
7504
4586
7790
7732
4622
5103
9877
7217
3287
2195
3530
5507
4054
0
2936
127
3927
2919
2175
8641
3432
1266
5414
9743
7764
5961
6183
1304
2788
6652
11
7867
8159
1386
6294
114
3971
4898
4632
9281
4459
6935
8093
180
2091
1616
839
7521
8064
3778
413
1564
694
8509
5578
789
1485
5602
9073
1210
9768
1565
911
4282
703
7966
1899
7873
8185
6422
8962
7737
3714
7328
3538
95
4674
1537
1828
9469
589
1656
1011
9761
3943
2341
8653
703
2918
7047
3504
6275
7022
2050
4623
6479
2973
7255
2359
8896
7465
7269
9080
1930
5456
5554
9753
7272
7481
9082
2499
5212
7173
839
7028
2717
615
2780
4552
877
2494
2393
6164
5256
71
1886
7978
9983
4942
216
360
3994
4281
4647
5494
5731
7770
349
2204
838
3830
3665
9470
5901
8873
7094
407
110
6320
1810
6592
5906
7890
6546
8584
9096
8292
102
2248
8725
5844
8356
2045
7069
5799
5708
1853
516
172
5137
1084
2817
7734
732
8846
3204
501
1425
1748
3230
8515
4954
1583
7819
3019
6607
7535
7972
9225
8177
3860
4886
3786
8740
8037
7776
8815
366
6276
646
3846
8665
2969
6419
9460
218
8179
407
1492
6332
2582
8894
2692
5347
2416
2802
9526
3752
7932
829
5380
9735
7610
1257
7872
1496
6972
6696
7186
6621
5196
1443
4394
8138
4961
6837
3585
7487
936
6019
9273
4574
151
5859
1057
311
3149
433
780
7624
8230
7426
3539
2745
2374
6091
2820
9828
1515
2995
1762
8382
9694
9671
7079
4852
1346
4531
9553
6783
3456
9876
5133
426
4676
3742
3711
422
6597
5406
8371
3210
8328
2874
6569
4213
9320
456
6084
2522
6890
4593
2818
5786
4341
6513
4567
2335
2737
1023
4728
7176
4417
1741
2593
3441
9143
4436
2336
1085
4418
1761
1103
230
9970
4678
7725
7385
2627
8090
7468
8962
1908
833
4985
8026
8530
3048
7171
6972
7730
7187
9957
1012
6798
2413
8273
4708
1566
6021
6369
6607
9704
9614
6487
5024
9642
2280
7458
1440
2690
7751
1249
6633
2485
7641
4681
8665
321
8234
5600
1149
7052
4041
7622
4854
2340
7326
5261
5613
9772
9187
1693
6768
2064
4383
4737
4930
3974
9096
2720
3690
1837
8075
796
1135
7677
5196
43
3467
2773
9382
6195
8882
213
6036
2199
2936
8512
2654
8987
9095
8673
6145
1809
5894
5217
8517
5262
5176
7641
7061
8773
4278
2542
4925
5688
8690
8195
8095
3362
714
2784
5137
8683
3954
4652
6850
3310
3107
7970
3915
5584
3414
41
2044
1525
4428
7077
5727
5662
8258
3763
3666
3494
3370
8137
1250
1334
1156
7439
8019
6007
4028
2432
956
6411
549
7394
7675
1288
5277
525
7074
2763
8402
4782
8888
3135
3003
2342
7710
3223
5832
6805
1503
4181
858
6025
9433
1089
3532
5019
8900
5866
7697
2805
7087
9098
6387
9196
8012
5226
2369
7602
2146
3184
4227
7716
1953
5100
9017
7579
3382
8906
3093
7977
304
6862
8556
3392
6146
881
3970
2781
4585
7270
4495
349
9044
8077
8361
1196
8958
3536
3762
9202
9301
317
2653
4848
8699
3230
5699
8816
605
3848
5662
3135
1482
8100
4894
5424
9708
6319
6285
3333
9004
3428
6001
5696
592
4035
666
4069
9002
7009
1237
3369
7468
6819
799
3145
192
4367
3688
1630
414
8351
8970
3184
5172
9300
2119
6012
9933
2322
4964
1070
8835
1359
5430
5011
9221
7262
5440
9672
2312
4366
7430
8150
5434
5399
7397
2812
5013
2564
5100
3729
3747
3380
144
6973
9773
3514
5992
974
484
5233
2677
5701
8668
9323
2945
3822
4123
396
5895
5197
9528
318
6776
6059
5453
2189
1556
2066
5681
7771
104
47
673
4554
2390
6699
3988
4753
7981
3762
3729
7439
284
8270
8677
6751
3487
3363
6676
3661
1954
9822
1049
6124
8954
1039
9346
2611
4019
4412
7563
7010
5993
328
2121
8641
1882
5806
1364
9785
9966
3674
8095
4491
9349
9688
4780
6681
7093
9411
3419
2618
8385
3859
2833
2643
4839
7924
7107
9750
919
8420
294
8063
8754
9215
4109
2552
7139
9388
7336
2451
1427
6574
7918
4723
7147
1750
1307
683
1720
3620
1529
8403
5432
406
4677
5895
4944
4407
8005
5219
49
9996
1692
5650
7143
8836
4470
4838
917
7086
8766
464
9149
8096
5800
1370
4171
670
6166
6298
8567
7367
6803
477
1959
9497
1017
5115
374
5496
4186
2529
9611
7164
4173
114
9259
3896
2085
9679
4592
8489
5984
4721
9415
9364
7460
7189
4149
3099
8511
6964
9898
8080
4136
1865
1073
4752
4214
3312
6265
481
6780
2960
9481
7335
3668
8598
1611
9260
8605
3383
5041
1036
7330
1106
2705
5200
9088
1575
6548
4652
8904
4450
9362
8084
496
6905
8270
2530
345
323
7739
2396
4503
3931
4970
7087
1039
8729
694
45
2686
3376
4032
416
6194
4798
893
4839
7200
183
1585
937
1986
3789
4818
5934
407
1488
2060
3575
7499
8371
8348
9981
4759
9864
3081
4435
5995
4801
7060
4206
6715
9701
106
3467
557
7079
6943
5145
991
7049
7738
1075
1637
705
3655
257
3926
5803
7110
7169
6560
123
1017
2146
7246
5559
1268
3614
3506
6455
1892
7622
6037
9006
2961
3578
5033
4638
7109
6315
7188
9202
1754
3730
8649
1550
615
6084
7118
9583
9872
7782
4506
9242
1501
4936
57
2058
8699
2348
2724
9860
6073
1690
684
1044
340
8589
5408
1380
5629
103
7402
3792
1162
5631
885
5733
8117
3694
5041
9849
6724
4224
194
3451
4324
988
8287
5019
14
1628
8392
1398
1760
3405
9608
7663
7412
1190
5686
2731
1924
524
7984
7701
9278
2599
5949
652
9077
9949
7220
1151
4599
1292
2656
81
1227
1500
5132
5582
1585
7988
4767
3840
6460
7953
7402
4304
8658
1824
7622
2446
296
7072
2379
9667
2719
3074
6354
9124
2230
2132
5626
8315
4123
3923
1884
4137
2121
688
5497
3738
275
8277
2032
5034
9594
3798
3535
3989
2259
4084
2772
1914
2124
429
5976
4905
1410
4136
7182
9319
9955
4283
5155
1688
5249
3843
2129
8845
8528
2757
2095
4201
4699
6940
5212
9080
1577
270
4075
3823
6975
2617
7024
1966
562
684
3465
2219
1094
35
6255
7193
8595
6043
6608
4879
5394
8718
7683
8717
9532
1355
4055
4775
8983
5788
5592
19
5386
7651
5925
3982
1534
3522
7650
7182
7734
8039
8689
3627
8346
3214
6800
1414
1280
3985
2168
5004
69
3806
1178
5103
224
1542
8023
7220
9023
6275
4630
8009
633
9766
3542
9209
6516
7250
2839
2695
4436
6026
6997
6479
8075
7834
2612
799
3247
5454
3377
5434
6017
6103
4371
4246
2652
4249
1765
630
1249
4277
378
8007
140
9066
8173
2811
8737
4008
3740
3502
2328
7217
99
8075
3543
5800
5725
4244
9668
4909
1618
1032
6848
999
1439
7845
9265
3246
273
7292
3877
7361
6393
955
9006
4224
9581
3147
8133
1655
9005
6265
8636
1442
3419
2785
8864
5289
6575
3156
5966
2754
1090
5904
1173
1424
4768
6107
8862
4597
4365
1063
677
4566
3154
7457
6184
214
274
2628
7148
6104
1827
3623
3344
6495
5947
1667
4025
1769
6664
6381
642
6682
4291
3639
3237
9499
3246
3303
5040
8632
1793
8233
7227
8676
1981
3963
8552
903
2231
9209
2614
4224
9484
997
8897
1354
2594
4589
2388
1533
3733
7642
592
5508
9991
56
6057
689
3050
5829
7139
4403
841
900
9675
994
1448
1448
7484
4142
6133
382
142
9237
5378
5894
2394
1887
9046
4845
701
7715
9419
5467
8935
5512
3715
8444
7055
452
941
2756
3691
6650
6434
2835
6000
8620
6300
6600
7922
9347
3094
9671
998
8623
3577
9717
288
9070
9117
6274
1612
8824
9427
5618
5332
9272
718
7311
6194
3387
54
8894
8369
5262
8739
7851
9768
4226
8869
5493
9952
7593
8882
5628
1498
4516
5855
2070
5580
9698
4602
2882
8673
9763
6197
6028
8810
7004
1467
625
6610
4888
8189
343
8429
7243
4266
677
6396
8329
2990
9774
2871
4198
655
3323
4885
6607
1234
7564
7521
9598
7629
959
3854
5358
4063
4231
3081
400
9618
559
7749
5294
8601
2554
5662
1171
9477
319
1909
4070
418
5346
1763
3812
6186
8342
5716
7542
8025
5126
3803
9343
5518
3700
7552
6383
6928
7292
4368
8968
2492
2734
1002
6535
3290
882
9840
4165
6885
5938
4201
4486
9742
3544
6571
8008
5592
3280
6748
827
8369
9805
5263
2461
8127
8322
1096
8083
8422
4238
1725
8864
4059
3967
7838
1289
8797
3643
4662
1344
3660
5212
6794
2288
7802
4822
3666
5363
5562
6734
8323
1222
5275
7075
3076
6152
7712
5682
1766
1202
4575
994
9862
4237
411
2510
442
4627
4490
7673
6203
7792
2731
5210
5099
2135
3606
4932
9925
4053
6087
4799
250
7647
2168
9648
8454
4501
1277
2402
295
5507
8976
7810
4463
1060
7744
797
4845
8166
3356
6385
3861
3022
6389
5759
5174
5408
4744
3605
9296
6937
9688
5059
6193
8580
4922
6773
4841
4189
5428
5481
880
5816
445
9193
11
3474
2835
689
6563
6720
5293
320
3802
7934
2394
5312
4985
7489
6306
5735
1878
9146
3143
3086
553
9955
6408
6052
2612
2704
3727
9419
3696
517
3195
6345
111
2622
6021
1216
8729
7447
2903
211
4910
4286
2576
9319
8165
7535
2296
5059
5487
8170
1716
1430
7855
5569
3528
7736
6273
9058
6547
5835
9900
2603
9503
2084
310
7989
6677
8820
2731
1502
9778
2535
7234
6648
3936
1098
275
751
9551
340
9731
6446
5889
1114
4630
9976
6763
1542
4152
7000
3422
5584
9146
3187
4868
8286
3420
1237
1196
105
1341
8190
1295
7571
2932
6871
2255
5197
7563
3168
4154
4046
2584
6449
586
5630
3805
3889
2210
5951
601
724
7903
3380
9591
7535
5685
5809
7342
2548
3465
7075
4358
1610
7906
9957
9725
1048
8193
3273
8224
8917
350
3534
9453
8275
6902
7430
1580
2083
6122
21
693
3085
4912
4910
407
3590
9407
6929
5386
9457
7847
4879
6734
9809
928
1745
6837
8977
5896
2452
6157
7
1966
4732
4755
9732
6334
6925
6820
3792
1954
7689
7416
6315
592
6460
6788
2993
7210
270
9094
8190
4655
2061
9217
6435
836
7960
3445
6122
4095
6205
7231
8596
6323
8318
5990
8926
7510
3974
2937
5611
9898
4581
1375
5230
4665
7027
7465
4613
9163
8237
3563
7507
8135
3294
1477
4882
8052
4656
9628
8081
9716
7714
8039
1771
652
8405
307
9352
5412
1879
2273
6897
8929
7318
2984
2945
5284
2942
4709
573
1891
6943
5267
5033
6943
4635
7750
4944
6236
9470
9814
7543
3976
5739
7160
8819
1012
3720
3583
7479
3112
3883
2987
7669
1341
5318
7169
9090
6385
4991
6846
4771
8742
8650
2378
6103
7119
1260
4966
1963
8080
4683
8723
3753
993
2993
8919
1005
3706
1285
1993
2839
5993
2160
8440
9007
9795
5112
560
519
7541
8029
3265
3908
2451
6689
7589
5093
7575
7715
3386
8483
3596
2773
9820
4478
8885
7004
9645
3849
9195
2604
6080
613
8486
9312
9077
5953
6852
7142
1191
4524
6318
3103
1927
1014
310
2902
3437
9263
8065
655
9738
8397
907
4474
6258
464
3377
3493
6434
1898
8518
2336
7330
6723
3289
2360
6816
2914
7021
5071
697
4548
3123
2069
9377
1471
1830
7567
126
5092
9666
4092
2848
3597
9540
9330
4328
2405
3901
2233
8405
6002
2201
9487
7242
5416
3103
9241
1929
1558
1294
7590
9012
8399
8566
4714
3249
1543
8912
1831
5846
7118
7758
7137
1781
3128
6216
8756
9406
400
2203
5426
464
3090
1681
1080
8905
9354
4859
7802
2428
1218
4192
2724
1564
8962
3305
8370
7283
9395
8505
2645
9598
9274
7504
4244
6469
4837
3139
1589
4397
5922
3444
8568
9560
8448
3217
8349
1064
2201
6442
7291
5951
1789
3304
4640
8974
7411
404
41
8828
8624
7781
191
6516
8725
1822
7957
850
9520
8793
2150
687
6276
9804
3822
3446
490
4307
5408
4697
3710
5925
2355
4146
9134
1328
2950
9254
8923
186
1013
8856
4280
1795
7816
5689
2212
1870
4148
8503
7577
1225
797
1586
1564
6587
5880
1939
8034
2605
445
2082
7315
3296
9533
9553
2978
609
4523
2500
891
7586
3981
4470
1396
3654
4464
482
4881
22
9769
778
8160
3842
6983
8280
4148
824
341
680
83
7336
9394
8378
212
4684
6247
4994
7311
188
7785
8096
3635
2005
2663
3914
6010
7179
9607
1360
1628
5346
3091
7438
823
3700
4812
8273
611
2373
4575
7394
8091
3213
2121
5687
5955
9091
2302
5455
3290
5334
9533
4406
3619
9662
3921
4082
8690
2078
676
1209
933
1584
6447
9788
9675
2294
1099
6338
6223
7528
1091
647
746
6851
1106
9635
9535
7618
3875
2468
4638
9592
4236
973
9160
8451
2382
530
561
1604
2994
3160
1200
7630
1483
6310
28
8850
5920
7962
1902
5119
3410
1111
1245
5686
2622
8438
4977
5196
12
1002
5543
9318
5845
3217
8640
5289
7552
9984
1832
2729
2205
909
9593
506
6893
803
7547
6119
5675
5296
3676
5117
4432
5320
7062
9389
419
4477
5421
4810
1621
8842
1060
725
2095
9629
1226
5976
3441
5349
2818
8803
9211
1541
3376
845
8672
3012
9903
8660
8641
5599
4647
9737
7305
1928
2234
3782
1906
8373
5713
4234
2965
8477
12
9423
1320
1474
72
7543
679
3222
7467
4723
7597
853
3748
866
2852
1766
920
3642
3029
2189
9457
7041
8795
475
2128
7254
6830
5552
7491
5253
5659
1484
390
2456
1750
4983
8044
3109
1135
3898
9385
4601
3568
1171
2186
4856
754
610
7229
4123
7544
7886
1243
7042
5155
2641
720
9680
8459
5325
6777
5397
5164
5412
7251
2850
3325
6053
5921
9232
5037
3882
361
1926
8377
1681
9277
2143
6725
5944
7415
4853
4436
961
1109
308
493
6007
370
3832
7265
2454
4059
2166
9776
3168
3121
6646
1998
7443
3118
5766
592
898
1396
2233
3258
1243
6058
2580
8386
7654
3671
554
5061
3586
81
9065
7643
318
4097
9299
7103
1230
6885
9759
2127
4901
896
2450
6541
8472
892
8210
6102
1400
6221
8268
6860
3719
7857
4521
9377
2247
5945
6721
7938
2777
3576
800
1532
6238
355
8899
3897
2039
4944
8303
3175
2386
9239
3464
7855
7217
8059
2564
4587
579
7331
7654
5174
5790
625
5299
4599
8488
8591
2903
9300
3845
8362
4366
5051
6615
307
7601
6814
442
7661
5583
8699
5912
485
2036
775
5207
9204
2685
902
4877
4503
3056
3967
7285
9780
4206
7957
5534
9523
8504
6158
6339
2020
8583
7424
234
7604
3936
1955
8738
4280
1268
8294
3663
1036
6695
8374
4625
5395
135
1356
6991
5827
4851
3716
3997
1540
7971
2609
3568
1859
1066
1853
2498
4909
3346
5076
8084
655
3914
8530
46
6453
3642
6864
3603
4266
1696
8776
8001
7398
6539
5832
3388
1228
6287
7036
3009
6765
8738
3705
6934
8077
7065
4114
8194
4628
3222
5002
2114
7406
7442
7540
4868
3331
8828
8618
7865
5920
9058
4454
413
1386
8435
2405
4314
8491
1157
8611
514
7291
4546
3633
9771
6664
5199
5613
6384
2980
3561
639
6490
2614
7237
2963
168
9147
2524
3559
9629
2013
3107
4044
4182
7155
4631
4464
6300
1789
3959
7631
2139
4769
2304
9764
4150
1264
2181
7027
3051
5430
9092
229
1363
7625
245
5432
943
3306
4223
6487
2514
9231
7515
6650
6067
8836
6058
327
7176
2709
2563
2719
5767
2008
3274
4696
706
2331
1029
2586
5657
3077
5033
7697
9120
2646
1554
8417
4291
2973
3948
8483
2457
7834
4843
8647
6969
8106
8119
5363
3578
3771
3382
9362
6857
6802
1047
8997
1777
1278
1859
8137
4089
7107
690
6012
3147
1520
815
6908
5990
8164
1478
913
2101
7051
8583
2991
4120
9903
5550
6611
959
4463
9031
9847
6272
8280
2022
6449
7032
7129
5170
1699
4103
5764
5564
3061
9094
9007
1151
8596
9565
9326
8077
1913
7680
2987
7694
1026
5789
641
9766
9896
6101
9758
8496
5689
592
5736
8384
1795
1612
5668
7644
6517
3274
3807
7949
15
8624
552
578
7552
7861
7434
721
5392
8399
9018
3649
6789
8471
8917
8720
9454
2120
1144
9803
2565
4946
9968
3583
979
6763
1088
430
6620
9444
4476
6044
2201
5684
4566
5920
415
7119
6571
8829
2516
8327
8693
9973
3816
6589
8728
9254
45
5977
147
5179
7742
8329
7120
313
3893
2968
145
9937
4879
1667
3954
1548
2469
5255
7198
9226
5067
3542
9023
3489
5713
773
1137
4282
4452
4691
5185
1953
1577
8493
4359
8720
14
1424
5014
991
9621
5587
8805
1127
3563
3659
8331
5770
7064
4620
9613
6681
1818
2375
2861
9189
5160
5177
8946
2830
1654
2146
2722
8498
6222
6851
5961
6559
2128
6925
1992
731
4180
2986
1398
3303
7395
9742
3065
8229
3990
7118
7764
30
7088
9470
2032
8045
7777
6493
8593
7543
3298
342
5812
1522
8037
9610
2749
9528
5721
2363
8254
2830
770
7176
2264
8402
9107
3292
4946
7756
3885
8407
4672
488
9587
5361
8946
6525
8726
7073
3325
5567
8989
2382
2177
6958
5080
4217
1660
8329
8746
5421
9692
6741
2513
6946
9907
1785
7502
7691
6558
6103
3386
5221
5198
5157
8997
1840
9565
4686
5401
1050
8565
1301
9364
5285
8505
8900
4034
7011
4797
1195
5410
1763
4233
8553
7698
3498
3643
5529
8003
9767
3244
4042
999
6633
3318
5943
7154
1023
988
7895
3924
1229
9810
947
7901
4677
8659
6949
7323
5736
7956
4060
8600
5352
673
3969
7528
8582
2753
4218
5719
5745
2566
9970
5470
7813
1900
974
1730
6925
1542
1061
8138
8464
3036
9542
5223
1994
4392
6074
2731
4553
1647
3221
4818
1274
17
3786
6360
5129
8129
3231
991
9696
6272
1012
6653
6287
4981
8510
2414
9535
3370
5364
1103
3549
7593
508
5908
4177
8560
8959
5522
1544
4623
510
1610
1062
9315
1873
4453
391
6431
9538
7458
4480
4753
6626
8877
699
2538
3367
9595
1382
7515
7481
9086
1599
1608
7685
7794
5869
832
858
3061
8728
9907
952
7501
513
8003
5648
3211
1569
6730
4988
2608
5196
4011
4703
6819
2067
7767
5826
5540
6615
1513
1315
8062
8936
9887
9876
3783
4112
5908
6954
1929
4566
3312
2939
4425
15
6736
9058
2924
3952
9665
2100
837
5131
5121
176
3871
7548
6858
3053
8081
2568
9477
2228
2700
2474
4313
7891
6153
5547
4226
2203
7544
8972
4472
891
2654
7370
8733
8059
3016
1549
9087
2354
9004
4202
6189
6118
3009
6694
1267
3014
6792
3836
4686
3762
7865
1604
6746
4079
3361
6107
5182
3697
6282
827
362
423
8235
3111
3607
8589
4790
229
6217
6983
4491
9908
6824
7349
162
211
2497
890
1674
8849
4674
6874
2607
2577
4425
4378
9350
3216
2834
5511
95
7980
1328
6012
2917
8329
3708
7053
6667
3349
6288
265
5755
775
5092
6538
82
1224
9368
7995
4332
8939
8817
1660
6655
5392
7869
2853
5356
490
4122
6059
3627
9766
9610
1162
6585
4993
2960
3298
1934
9894
7702
5310
5388
2304
6984
2809
4714
9030
7797
3190
1664
9917
8421
1588
9416
3178
1275
8734
4217
4927
9580
7947
3839
2013
369
1071
2192
8773
8199
6093
8987
5107
3678
2356
5672
5418
8378
2839
4063
5363
3068
6802
2035
6143
9310
222
1462
4079
5419
5963
7173
6612
6545
327
2122
4551
5209
7797
3188
4362
3008
1106
4078
3630
6400
9555
6637
7409
9500
4468
9563
3151
4614
7034
3963
7100
6913
453
8531
5639
3059
5227
3182
907
4874
3752
8923
1219
8208
7921
3454
3300
4059
1382
6552
5132
3673
6270
6617
5387
1890
2798
9949
7776
3286
8890
7301
6463
3852
6227
8017
1689
6832
8509
719
3153
5153
7524
857
2384
4437
2719
9734
4292
9948
325
6601
2450
8068
8860
5304
2224
7861
8798
9624
836
1134
5582
6915
3675
34
6775
7966
1728
9656
6119
2084
5868
9416
9556
330
9939
990
822
6563
6035
2535
7174
5498
2218
8574
8974
9311
5004
2466
408
9527
6401
3678
2452
8869
8017
5231
3336
8568
2811
7631
6243
214
8440
4350
8716
7658
4822
509
3384
3704
2538
781
4980
8348
8007
4751
4342
222
5971
7959
6143
506
9778
4685
3385
9107
5180
4175
8395
6154
3932
5437
6979
7982
9327
7014
9688
5688
7020
7206
1752
6076
943
7085
1088
9332
5955
3377
2067
5153
5972
756
1193
9184
8764
3446
9727
4632
6340
4142
7403
9688
2908
4237
879
8
754
3050
324
6910
8083
5392
7626
6186
1852
6122
114
9447
2906
7599
4412
9806
408
902
6033
6327
7411
4548
1700
7187
9727
5043
3007
9762
5768
2077
1992
6967
5910
7395
1494
3086
6131
501
5727
9061
2141
6184
9422
6752
7042
8586
7096
4027
7681
4030
7518
7718
2285
152
2318
9441
4699
2008
1785
89
8631
6784
5404
2391
8645
7493
9442
7360
3365
2615
8964
9682
293
3012
7106
9114
1018
9675
81
9863
139
5826
2495
7521
1223
4769
3802
3668
8314
476
3464
1500
2097
1370
9278
1979
5670
9014
641
8885
6074
2490
6103
2910
4210
6140
2463
9451
7599
3025
867
2117
7527
8992
3900
4154
4597
2533
6498
2928
4402
3784
2659
8436
8128
1930
9396
5404
1248
4058
9144
9935
7149
83
1924
5924
1543
7730
8978
3473
7792
8768
278
1406
2930
2706
9367
8656
9070
6976
293
4749
5138
3253
3094
7941
9436
8041
6200
616
4398
1873
6438
5530
1092
5573
9896
3149
2509
3909
9798
9933
1481
6655
759
9718
1222
4592
2325
5555
3857
3307
8529
7310
5113
775
4334
1157
1363
5668
4331
654
8588
2070
3798
5551
1523
2890
7341
3687
5215
8608
5713
3364
566
210
7160
8468
16
5173
5609
6241
9486
3184
4420
8122
7907
3906
1012
7323
6270
2557
4674
2947
3935
329
7143
9363
1191
5739
3095
1252
3483
9900
5633
9329
4590
3379
33
9052
3107
4841
7556
4832
9055
1992
9969
5208
5163
3447
4558
259
421
6141
8896
1126
1900
6619
4382
2930
4485
6129
7680
6599
7169
8840
9566
2158
8881
9681
1422
5909
6420
3319
616
6544
1997
8615
7383
787
8155
3537
7431
7370
3365
3939
6489
9326
2486
5906
5277
8437
2443
5389
5967
2454
4984
797
4099
5202
5185
3860
3150
2074
6461
1622
2449
8561
332
7716
2989
7454
1864
4237
9839
1135
9826
6455
4307
8994
3936
1370
3790
6408
260
7706
2343
952
9822
9298
373
3568
4796
6031
7615
7235
1261
6519
9532
3402
7434
4506
3650
6863
1549
6624
8977
3102
4081
2579
8613
8200
4930
112
2939
326
7303
6141
8377
3563
6576
2363
4566
9367
4198
8333
1078
8291
3821
7499
3262
4792
9287
2028
5682
907
1819
371
750
383
6851
7487
9614
3436
9281
1374
2151
3750
9613
1156
2985
3523
2463
1342
868
9460
3194
4081
9455
2408
8066
6234
8559
6031
8245
924
6268
5401
8207
3841
4001
4646
4683
3045
8507
3929
3134
7247
7115
9937
4922
1644
5098
770
9849
2257
6959
5699
5544
9414
6608
2573
7287
8537
4971
863
9293
1714
7378
6264
1238
6671
7244
3612
1833
703
7018
8444
4663
5883
2136
3961
158
8448
8825
9375
1564
9635
1992
7671
2099
7447
5136
5656
5088
8831
275
6844
8806
9574
2178
8199
3007
4864
7889
5049
4654
6902
9442
4592
6267
7215
4990
7328
1458
392
1123
7468
8734
2847
7066
7945
6436
4918
9666
2962
8837
7107
6581
1212
5809
1606
3954
5874
6248
8371
3970
3261
8480
968
7184
637
9268
1161
4275
5100
6675
2803
1958
9678
1093
4951
8209
9815
2990
1343
2643
3289
5611
8390
8939
9258
5737
6617
7523
7609
5904
1185
8377
8091
7009
5517
5803
9802
1108
8343
9266
5513
389
8538
6977
2057
9813
4021
1853
7541
7694
665
2622
8487
643
4702
6437
5191
6692
7396
3150
1550
3205
3927
5580
6407
4191
9356
4550
7076
5049
3296
2267
2093
1418
1507
2668
9518
2824
6992
2815
9099
1110
5402
5062
1511
8270
9522
5811
5511
8209
5482
2966
4355
2235
8929
862
6100
8607
2878
8410
8519
2365
185
3467
8280
2826
2701
4031
5762
2634
5997
4775
1420
4063
3299
5610
6979
5378
4751
7540
4876
2509
8449
9879
2378
9008
7831
2045
2579
361
5968
2643
3072
7044
1014
8292
4543
4432
8718
4741
5710
6654
7200
3254
8136
5778
6480
5898
4230
7356
176
4459
4471
8263
9673
8997
5344
3039
1661
3717
7760
461
8400
9825
6861
2982
6342
7258
8001
7823
2784
9815
441
20
2140
1091
9826
4517
3095
1831
2878
6533
5429
2856
2879
6850
615
1538
2535
1413
3425
3965
1568
2701
2739
9389
4
3682
8492
8326
4543
3861
8285
777
4612
913
1567
6426
6756
707
1475
4381
872
3135
4455
6076
9450
1118
5589
1250
1474
5364
3199
3600
5925
8053
9743
9666
5918
4452
7268
1754
3445
2694
4784
3327
6401
8385
1775
3173
4128
2580
6776
2874
5051
8725
2469
629
167
6642
9042
3324
9100
9342
5710
7886
1245
1544
6257
2427
3126
7101
8166
7452
4491
6264
6556
7503
9933
2677
3448
4004
9819
4308
136
785
4197
2157
5426
4788
6017
5484
5328
5813
5454
2585
431
769
5432
1646
5621
9921
9562
7134
3087
4833
7591
3320
3605
350
212
8044
2993
5823
4629
6635
321
4024
4599
8015
1977
9697
3864
2457
986
3545
9862
3196
4161
1607
5369
2160
566
4421
9383
3455
3550
5171
4900
6926
5194
1084
552
8078
6377
7745
5025
12
7878
1733
8104
7569
7936
2970
9811
3878
9509
4542
9611
4710
6122
4394
916
6597
8617
259
2265
560
6405
6450
5439
4468
5869
8760
2513
3528
5469
1579
8383
235
1783
9574
2675
2215
3242
4800
5075
8832
8628
8933
1138
5171
5539
9495
1401
5069
9989
8372
5223
3234
2045
718
2212
170
3985
2436
8326
2622
6875
4800
733
6575
8593
5519
5449
9428
1422
6557
4351
2931
78
372
3706
8699
1731
7869
4618
3668
7994
3341
6905
3752
5120
3945
1826
97
2732
3843
5830
3893
3275
6034
7004
2417
4096
8141
8293
1204
1552
1895
6687
4573
1882
9954
5585
9566
6701
7800
8316
6355
1934
2932
4408
1570
7750
8372
6610
9671
3656
2543
5901
1496
7264
3031
3767
8394
7461
7409
5859
5013
2723
355
8849
3704
3121
2630
2741
8769
221
4124
4199
9341
2507
137
2581
5529
5237
7364
9234
3675
2692
3604
2386
3035
7688
3147
4479
8017
7890
7974
6142
7241
1001
3467
1192
3074
1211
6125
9
3099
7419
9961
4416
7974
9705
7715
5830
8550
4278
2767
9828
8768
8682
7761
4532
9882
8482
6320
7230
5818
3766
4964
3537
9139
8894
3357
6027
2001
1679
2349
4779
6716
8870
939
555
6126
3217
5234
2427
4827
3678
4761
5604
8490
4406
4082
1917
2
8
551
4983
7977
4305
2272
4396
5273
7308
3846
8492
2626
437
1321
3179
5218
3183
1926
5141
8072
5323
8610
1318
9532
7566
4210
2969
775
103
5137
1886
3273
2892
9882
8320
5462
3706
3348
5083
4467
17
4055
9922
8679
8558
7578
8752
2218
2089
6257
5626
2879
6302
2151
1424
1005
1100
7520
2151
7960
9500
4661
9479
9309
4364
4872
687
9662
7801
4490
2531
3253
623
4510
3715
6731
9554
9094
3642
8413
8025
7460
885
1290
2328
3094
3455
5456
8688
3988
4313
9296
8333
7721
9862
7781
7095
5578
6138
519
3206
638
7300
1818
2017
5747
3705
9962
9146
8696
2272
3156
4227
3491
211
5110
5872
8650
4210
4161
4698
5661
1174
5952
5380
3382
3264
1243
533
7036
9576
7170
8971
3658
9133
2449
8345
9410
5027
4414
7543
7979
7531
8529
7319
3458
4805
9087
8601
5543
3389
3156
6670
9683
7130
8534
5976
9874
2401
451
4745
7231
9503
1072
731
3141
5012
485
9470
1858
7490
7755
4218
3723
9449
5918
2392
6847
1778
5300
6778
2051
2895
5441
1029
3155
3869
7088
8048
2257
2413
2185
6749
7585
3257
1647
7354
9688
9715
7758
7932
270
1443
536
5181
6810
6383
5080
604
5257
635
42
9168
2547
8646
5672
1298
483
7494
3610
634
2586
3295
9574
9359
5930
4764
4407
97
704
8871
8547
8417
1245
6147
9952
2755
3637
8698
5719
9256
6624
2279
3207
7428
4540
4874
7358
8813
3236
8141
7059
4913
2580
4826
4916
2516
1988
4774
1597
4249
8689
4522
8018
9713
1909
643
6104
7854
34
4947
1557
4390
1951
499
173
9018
8218
941
2562
5933
2497
2097
866
7726
8785
4005
5001
7131
5351
3612
5324
3287
2029
3174
3179
9178
3515
7117
754
4755
7680
554
6909
5871
4537
5963
6186
2595
8487
637
4097
1755
3717
6418
2941
7603
242
4978
8932
1420
5955
6418
3196
5524
8283
6355
6321
9700
7549
6779
8589
8374
3018
8997
5748
4975
1703
2720
3248
5916
9510
3992
220
324
4067
6055
8185
3292
8651
1472
8450
9744
7065
894
6453
3260
9980
3673
967
9163
4333
8221
977
4042
8674
5486
3287
4481
9024
7185
9497
6236
1754
1582
1832
1351
2294
3463
3502
4778
1040
1726
755
3944
748
7544
603
4431
2908
8371
323
2405
4129
8294
2232
9783
7369
3147
43
1254
7054
9639
1096
3211
1524
1334
2178
3421
1076
728
5304
6813
4928
5925
3826
7181
5853
2423
8561
6763
6903
5387
8218
5686
739
5474
8367
1084
8336
1705
8414
1335
559
8221
6616
4298
3010
7831
9038
9707
1868
4183
9521
4941
5994
6128
4247
275
8491
2377
6276
4419
9142
1905
2560
3647
7615
5730
8361
8175
6239
8661
1749
7531
240
5422
3921
2653
2824
4125
9430
6184
2267
1528
4118
4020
8237
8702
7527
541
5014
2792
871
7148
9933
418
1275
8775
6457
896
7912
5802
2585
2981
5923
9499
6966
7080
9553
7534
7043
6038
6803
2342
5852
1449
4095
9254
6653
9251
923
3125
7490
7832
1278
1943
1006
4278
760
3366
8317
9540
5702
5502
9643
1268
3406
6337
8501
3874
616
7201
749
8968
737
4399
4551
5735
9003
9709
2388
53
8761
4847
1684
3188
1370
7181
6306
5760
6827
3987
7208
330
2154
381
6858
6453
9837
1668
8731
5317
9160
4315
72
7202
9139
1011
3485
3901
2952
4346
414
9985
261
535
7538
1320
5598
9281
5283
6611
8153
8438
6198
7905
692
2388
9769
8971
3095
1235
9395
6253
9070
3840
6727
5716
2941
1489
8324
305
7121
547
9691
6960
9856
1863
2144
9201
7123
1852
8679
1112
2224
5218
6023
1246
1502
2088
1422
444
4874
2980
4313
5845
5445
3443
5059
4484
3296
6509
5143
3765
4768
5132
5832
2855
17
8692
5230
8564
8455
7344
6825
1634
3786
5485
6186
4542
7790
943
6290
9862
4752
9639
6112
9079
6487
6392
1583
5287
1279
1327
2772
9685
8737
7893
6271
946
6573
2903
7132
8640
4584
1196
431
6693
5788
7519
8559
561
4544
6080
6685
2269
6765
3826
5459
747
7884
6961
7024
1015
77
1490
7653
4664
1473
7616
7930
5835
6535
4741
9278
1410
8617
8489
3872
1506
2833
3687
3490
6519
9791
7574
1678
9936
8480
5622
2784
1951
9695
8327
858
7477
9694
1049
1192
3626
7528
605
7382
5887
8419
1646
7160
9343
9911
3096
985
1051
7125
9905
8404
2447
8360
8217
8512
6052
2566
2665
2515
9089
5735
2970
8354
7708
4145
3275
9609
9430
8571
1712
3518
8158
5064
9597
5819
5642
4710
9331
3358
5620
6912
7598
8909
2065
8138
5798
6517
899
864
2733
9799
5356
5458
5576
115
8773
1151
3866
6298
4994
899
7856
2713
5828
8959
6947
7820
6990
9278
6101
1118
8878
7439
8169
2396
6146
10000
