8857
5849
8730
603
3595
4892
5761
1564
4902
1331
9321
1723
9060
6140
2820
9982
7116
2876
8802
3317
8792
7007
5412
8154
4514
5453
1790
838
1524
9849
8138
1169
9979
9000
3207
3206
1487
6952
495
1782
5655
3184
4602
1530
9815
507
853
7584
3396
4451
4571
3607
1121
5147
1184
3277
8606
9015
4727
5976
9811
2919
254
6059
8289
7904
5156
7762
3193
3067
5460
4625
6617
2710
5809
3081
971
1519
6009
4791
3860
3159
2778
1260
3175
7463
2653
7250
6970
148
894
6637
1116
6875
1640
5466
2664
380
6601
2175
8422
5409
3116
4222
6307
1219
7544
3688
1728
5515
6641
1815
2433
6912
7821
3893
3099
5165
9033
1422
5209
9803
338
8080
8747
8084
2229
9629
9666
2668
226
5640
1113
7857
1358
2648
7034
817
5746
4211
3889
802
5723
3210
9968
5080
5644
5706
2049
4983
7887
3665
6019
9325
4394
5974
1456
5260
8559
3272
153
8626
9270
2359
5117
6740
7467
206
9632
6727
5708
5901
5664
1529
2936
1283
7103
3927
9878
7459
6111
6162
5330
4910
184
9017
9943
9492
3481
9587
2097
5261
8387
1412
9917
7766
2363
4093
4568
8212
700
2102
2595
9749
7963
4070
9243
2003
9631
4554
484
8940
725
9967
8735
8176
51
9206
6189
6902
7104
7345
76
768
3652
7678
6189
7245
3536
3412
583
4274
2335
5334
4462
8328
3197
5897
3976
3404
6351
3337
4894
3935
7613
1682
1936
109
5525
3809
3919
3670
7693
5042
8818
5920
4359
4258
7341
7351
1247
7899
9688
82
4368
9877
7774
144
6579
6957
4408
6501
9440
4864
1657
7699
4199
5118
2939
5010
2550
6391
7276
3050
1253
7035
9568
4968
4660
7357
7750
9532
5713
1218
6265
1684
9106
6554
5417
6474
9919
3551
7839
8691
7305
7380
6578
6927
5533
9608
4118
1372
4100
8738
8023
9184
4477
5660
6826
9936
3560
4242
9310
6350
2926
750
1361
2272
8559
8375
7223
721
7928
4708
6173
9666
9950
720
1363
2225
8716
9513
4930
908
3661
1914
2312
2692
7289
3861
9171
2784
6528
7429
6325
196
5326
3337
1640
7468
4185
7851
2983
250
7009
1065
2999
9820
6835
6755
4760
3081
9824
6223
7112
92
1219
9830
9952
8774
7900
312
2597
65
9606
1374
2899
4521
4980
3542
841
3103
9122
6810
7964
742
6566
6241
3172
1154
7240
2326
6204
5334
3330
2660
2391
4185
1748
5307
6176
7803
352
7048
6339
84
6024
1665
2830
7548
9250
4394
3728
5503
2925
8707
931
3036
2792
719
4892
689
3121
4685
1956
1146
4032
277
2685
3772
6193
8642
5909
8419
4568
9589
1207
2553
5309
6705
2005
8495
8973
648
2553
4270
8802
3444
4662
2474
4976
8215
4283
6372
4478
9436
3748
1473
1471
8563
2814
3795
4960
8668
534
3127
8902
9570
412
756
4895
1908
3288
6297
9127
4528
6002
7567
3351
4680
8963
747
4300
4563
2477
5484
7211
974
9926
1036
6859
7044
5698
5083
3898
6323
7162
6392
5186
9867
2897
6198
4239
6384
3915
828
2014
3985
658
9901
8796
9648
6190
243
5134
9086
5189
5548
3483
5424
9090
5789
2501
9784
69
8390
2790
714
398
5236
6281
2222
9171
5772
1428
2131
5387
6617
2924
3448
4950
2406
7724
1468
9265
891
8839
8477
4800
7738
4583
6078
6239
2893
3722
2388
670
926
6336
7679
6610
2331
6122
7370
9634
1412
2291
5724
5862
9074
8318
7074
5612
5623
320
3962
2192
9505
65
3174
4937
2788
6286
1340
1414
3185
3284
1504
963
5388
7641
853
692
1596
2272
7671
5410
2252
2014
2503
5047
3206
6497
4502
6638
4791
4106
8970
3076
1633
5549
6236
7554
9397
6713
5160
837
6149
8318
6825
8336
1498
4200
5233
5340
6293
966
2230
1675
9284
9245
3264
1593
4841
773
9103
733
7622
6172
6162
9641
5901
5413
4723
2509
5142
6694
9977
557
7387
9742
5588
1803
30
6385
3240
2811
9623
4665
4529
3489
2519
2711
3449
2982
4347
5152
8733
3273
4588
7919
5352
7248
859
6965
3570
9645
9880
2629
2158
2593
8589
4187
9583
2214
9351
8434
3287
9196
7822
2100
2551
4127
643
326
4832
7928
2854
2497
8988
8759
1705
2290
1317
9408
4326
996
1965
3374
1664
1851
9933
3572
4
8421
4646
4958
4446
1930
842
1186
5755
821
1409
5905
3172
805
9713
1261
974
5211
8949
9767
5814
3510
1106
808
5237
582
2227
9751
5142
483
3842
5878
5412
6272
2668
5167
8458
1796
1989
5339
5011
2250
8472
3514
5118
7772
7605
1326
21
8403
9440
8412
2365
9318
3858
2820
7987
2377
1182
6060
2475
3803
9669
1289
9592
8052
6094
5422
6716
4777
9499
9847
4504
9227
990
9847
4139
6373
4422
9871
5734
5570
3778
295
5702
5710
3114
1523
9280
417
4039
2887
6737
9106
3883
7122
8296
2483
4925
5961
3273
424
1389
8806
3562
6059
6227
4334
204
2389
4174
4443
4493
6764
1024
964
1843
4169
1634
8222
7469
2417
769
8709
7829
1059
1577
4876
716
1116
6220
7379
9933
4586
1989
8981
7527
1068
4080
3764
7746
3845
3148
3278
2046
9267
1735
4863
3764
1403
8709
2461
4407
8571
4979
6967
881
9573
6909
1375
4459
5261
6100
5835
7792
5392
5507
9077
5850
1643
2212
5625
324
5123
6606
2697
4726
769
6219
6793
9187
1584
9979
7543
9792
2847
5294
5647
7168
152
6040
2407
3012
5404
4246
759
1264
1740
2090
1503
2685
1783
3676
3925
7777
3570
7968
6995
3169
5038
5284
5864
854
1081
9741
8551
8010
6791
9227
9363
7511
6767
2573
8871
5720
3137
904
5056
4620
4279
6393
6638
9986
2154
7043
7528
5887
8613
506
833
8543
94
3488
1951
9320
5698
5773
2857
7481
5822
9564
3937
8192
7205
5495
5418
250
5578
6386
7809
1016
8902
8640
9607
3104
2630
9028
981
8535
3371
1530
4136
1259
8884
4898
4648
8228
411
6637
3150
2509
8033
3232
3475
9354
940
9613
1591
7565
2297
3073
9487
4030
2726
8191
9540
8880
7346
9620
7846
2358
8762
9080
9480
2200
2457
1334
4724
2098
1602
1503
2944
7622
5489
2685
9951
5918
9489
8495
5473
9396
4738
9915
9648
1695
2583
9602
1341
6242
2246
9703
6529
3908
117
1113
1986
6436
5633
3126
8079
6608
1797
2461
4603
4423
8026
9774
5286
983
9276
9912
9824
8208
8145
9433
7146
3028
6003
1197
9960
9300
5133
1191
8611
9312
6291
7196
1716
9447
5184
2364
2195
1375
6903
9331
9853
929
9548
2127
5927
1743
6991
3773
728
9676
5982
7225
2834
7069
4703
6124
7158
2945
8215
9646
9675
6428
1276
2692
8561
5843
501
8650
5099
5244
5941
6982
2805
3425
6831
2026
9928
7884
7452
2566
8731
7651
6862
3962
4770
4411
569
5928
772
940
3156
9413
2641
9504
8310
5450
9634
586
6773
7353
6808
4064
3289
5147
5467
803
815
7783
6532
2505
3970
4300
2489
1636
3968
9893
5924
1233
4150
6606
6487
6517
8624
1241
3594
6336
6487
4997
9167
2710
656
354
3292
979
3408
734
5766
1411
408
7618
8246
5516
1204
7942
4905
6751
6975
1849
4379
5835
5635
7181
2101
5476
341
2414
110
7927
9873
4224
899
1541
8452
9305
2925
9202
8090
2642
8063
2397
8782
6035
5426
9551
527
1355
1778
6207
6477
2741
6040
7670
8348
758
4292
1776
3630
9375
2094
645
9113
3578
2969
5418
6778
1378
5444
7307
6185
9077
6171
1556
2174
2699
3355
8374
7885
1742
2938
6278
910
3564
9836
8876
4727
8095
7888
5634
8465
2857
5103
878
5546
7751
5312
2915
5745
7517
3397
7007
5843
7362
8875
1676
1183
3814
1824
7790
4160
8581
5894
3767
5976
7898
5427
8311
4815
3663
7633
4121
7021
5504
6180
2198
7812
4868
9548
6560
4626
3190
6107
3439
9247
6259
7944
7383
4569
5998
7210
9051
8031
9066
1977
5982
6565
8912
3408
8088
7246
4214
2455
4252
3718
2002
2182
5015
967
8178
1376
9055
34
1641
6120
7948
9852
776
8655
4485
5554
2663
7059
4765
1333
6049
4977
3201
1181
8864
8017
2602
2729
9843
2232
8591
7777
1707
612
8736
8093
243
5467
2001
6596
9642
8162
3366
2117
9485
2808
1820
617
2889
7162
7304
6921
8475
2293
3650
8864
1102
2335
72
36
7552
7063
3338
8263
3768
2949
6425
4409
9628
2854
7113
121
5744
598
1801
3749
4336
4241
5602
796
2802
1141
9711
9032
4325
8569
967
8617
4570
5995
6564
4487
7317
9033
8931
1636
4758
475
1958
3882
88
830
9946
3284
1033
9381
4917
430
2971
6851
6266
5487
9451
2524
9111
6143
6052
1841
4176
1325
806
5385
2534
8940
652
6480
3137
1801
8796
2608
9684
8340
2261
5335
6110
3791
2375
4510
6717
3061
3540
5112
7812
8740
7185
9326
2616
6335
8525
2177
156
4183
3445
6356
1855
7272
1668
765
6651
2653
180
7731
6582
9084
7855
5849
9997
5054
8175
8987
8827
7495
2012
7088
9652
8059
6531
1131
5737
5153
9464
2820
8615
7618
223
9422
3351
368
648
5539
1191
3132
8511
6525
6920
993
6338
2791
5998
9371
6623
267
8279
6771
1993
9956
958
5704
5570
8672
3288
5967
2382
3834
9556
4714
7474
7471
4833
4609
102
8507
92
4766
6316
7793
9411
9144
4129
7403
2221
3593
6452
4220
7795
5856
7041
8020
7504
2484
3811
5907
2797
2837
2026
8240
3251
3134
7140
5965
9630
2855
3334
5701
1404
1721
9184
6796
6875
7918
6285
4148
6720
7300
183
1579
8568
8877
5475
3230
1014
4061
8573
4606
413
5869
2311
665
2713
9544
6263
5649
5621
7934
5510
8244
3486
3353
8384
6079
8393
2612
691
5602
6208
3476
9885
6900
5549
8858
7695
8200
1006
9747
3861
1423
9316
9079
6764
8480
8660
6538
8996
7753
6772
8627
7218
1620
3102
9254
5997
8804
3968
3553
4751
9842
7279
1683
5418
15
5226
9958
5995
1723
9140
3800
1740
7483
621
755
1464
5446
6995
2064
1099
1699
7165
8154
534
7438
6018
6801
2542
4578
1683
2704
4577
347
133
3733
5192
9986
5909
2207
6875
6794
6060
9229
6213
459
6792
6317
476
7855
8769
1342
6945
5305
7535
5161
7589
7704
97
1206
7103
7784
7358
2782
6675
8382
4792
1861
9417
1563
515
8738
5860
1121
746
4087
9600
9153
7546
3679
3799
3170
2655
1293
9017
7492
4300
7208
1629
1584
892
8064
9954
8411
6709
8864
2142
7897
9824
9404
5853
4139
1847
5531
4810
145
2352
272
1413
573
8262
1109
7796
1174
9920
7460
9915
3486
1096
6751
581
4676
9747
8402
7688
5385
5
2500
3346
2916
3560
3969
8065
3201
383
3644
1737
2562
4559
4827
9734
9518
890
7593
8140
7605
1891
3433
6857
2525
2810
9632
3120
776
4389
6228
846
2396
9230
8327
3125
7429
7819
3108
6172
4289
4553
3948
3118
8334
2413
3737
5090
655
7359
5695
5253
306
9932
2772
8677
8064
2114
6064
7231
6141
2024
8579
4039
6233
7734
3175
6467
7789
4125
2497
100
9449
3525
4370
8711
9210
1679
8229
6835
3099
5485
6915
2242
7861
7910
3433
5331
481
8494
4118
1273
6266
4934
8072
8576
7609
2401
7682
4708
7600
2431
6602
5336
6191
2492
9622
8869
1742
680
3571
2018
7495
7378
9558
5339
742
7167
4689
9899
2280
9791
5710
7545
5143
8570
7949
7597
4494
8297
406
2215
5111
2337
1858
1177
8940
447
3442
4353
2806
4646
369
6771
5597
354
9087
6846
4949
3991
6556
3084
5796
6225
5083
8350
7032
2153
9630
3690
7944
5836
4435
5580
3110
6811
2342
1484
2993
473
3329
8649
7614
2560
8367
176
2346
339
990
567
8154
9587
1714
216
3403
6937
9799
4559
730
1764
2759
9027
434
434
6495
5307
1314
8411
7947
7931
976
2524
7779
2779
237
6501
2747
647
454
7779
6139
9753
8345
2547
9936
754
216
9014
4223
6676
6336
5943
7756
7987
6682
4669
8568
1
1264
8007
5052
5762
1795
8708
6020
2620
6621
3493
2927
4809
7481
6047
8651
7536
4964
3820
5004
288
9298
9029
5508
8402
4518
3782
860
2280
6985
2939
1999
3059
3716
5997
9703
2039
2096
1069
253
8714
100
9849
3858
8870
5417
2354
6251
9876
2553
4186
4142
5039
9363
7072
2083
2700
8286
5526
1685
8582
3045
8618
4108
1860
8536
6032
3280
6393
214
1873
381
8584
9422
8015
9825
2499
2761
1155
3132
992
6899
4222
9932
8865
4984
3279
4638
359
7251
5662
3262
8652
6303
3718
7301
9453
7087
1235
674
4282
2634
6390
1255
1552
9259
5920
746
5206
9102
58
5318
1308
3669
6777
4743
2757
9296
6872
9613
1059
4402
8519
4593
1968
8766
1045
682
8745
7130
2921
961
2734
2944
8175
2399
6047
3228
8817
970
5216
2197
8230
8520
7890
9559
1938
7652
6848
9202
7689
5182
6933
5365
6362
5699
848
6337
8856
4166
9193
208
1821
576
8609
3287
6855
257
9424
9409
3633
573
848
7553
7310
8507
7384
5937
4508
3868
4908
3076
216
9739
8636
177
9990
5166
8079
4648
8021
5086
5995
1544
1799
8985
9341
8320
8411
2920
277
8361
5812
9164
4390
508
4811
3958
1459
4979
3968
6659
1352
972
121
2884
3906
7550
1829
196
7046
7385
1677
7308
1775
2433
6072
6860
6198
1668
7956
7372
3254
3642
8659
2177
8477
807
33
1827
4743
8319
6953
1769
737
7325
3289
8914
8628
1639
1528
9155
4353
7125
7388
2842
774
5131
5937
6753
29
4880
5029
9216
6371
4823
5193
9672
4968
9688
2472
5207
5264
8187
2224
4352
9768
6159
7353
2803
403
1312
4056
6624
4957
8659
1805
5951
5543
253
1983
6270
9520
8881
1368
4919
827
3007
2482
7637
6322
9456
2721
3686
7390
1054
8133
8384
1797
8791
5729
8692
4606
1914
298
944
9790
4828
7821
9766
6125
6662
7820
3744
1940
7929
1198
6544
3316
8850
8499
1780
9478
5568
5887
6212
7266
3773
2598
8598
3827
4034
4148
874
2957
9537
147
4269
5889
4849
4231
5391
1754
3861
6294
6410
6399
6072
4013
8986
846
3072
1461
3834
2227
1209
7494
6453
757
2221
5574
4898
6012
908
9687
7282
4578
7786
8106
5110
9022
5147
7890
3524
5036
6889
8209
1075
9598
6100
9861
9711
8050
9481
1678
355
2092
4375
1893
660
3886
2446
4022
9292
3661
3837
2309
5474
9565
7050
1379
3389
8812
2684
8371
8559
8643
3709
3549
7300
4079
1000
7124
989
7000
486
5896
4018
7707
7454
3168
8026
5770
4302
9378
5309
1738
361
8889
1117
5048
6266
466
7984
6369
791
5124
5202
4502
5106
5198
3064
8978
7915
2803
4634
9526
5119
4145
7415
2689
9301
8548
3547
4067
7599
7529
9924
1866
1339
9749
8978
3757
7185
2263
6781
4414
7494
7132
7582
5482
7074
5161
2946
3280
4594
5304
9238
2024
9546
9085
9361
2019
9823
4311
3388
2908
741
1279
7985
1826
3650
7697
6409
5086
1146
5655
9219
9906
6351
5072
862
9587
5713
3285
8794
1565
8350
9715
9907
2776
91
7849
3685
916
7058
4197
2737
3341
1872
5320
9135
7564
5405
9550
9331
8657
8337
9611
1343
9169
9774
5971
5349
6643
4620
8476
2899
2266
7517
5593
498
1760
8752
6392
531
6217
6752
311
6173
6266
2514
3705
7233
7686
3646
175
721
384
9568
3781
3347
5521
4865
365
3108
7489
4780
2426
3672
8417
5399
7250
8356
2969
1215
6334
160
251
4445
6535
525
7882
3714
9820
2283
467
4556
9022
1600
1040
534
1593
9631
9398
1745
1960
7071
5663
6962
5830
3815
907
6731
6528
1550
9222
7376
4307
9245
7218
44
4435
231
7618
4684
8848
4855
3347
6161
9151
4519
7320
8585
5844
1343
983
4380
9783
2649
1597
6606
7105
996
4229
6631
8091
8610
9479
4357
3800
9672
2065
4910
1668
5203
8578
3944
2747
3009
4937
3534
8773
9545
5403
1993
6802
1431
5331
3916
2849
1843
9302
1223
3616
1023
4736
2056
7204
759
8657
2023
9507
9837
1864
1432
2891
1184
478
2967
7717
1717
9521
6504
5277
2745
7022
1720
2797
2190
0
4509
7311
9857
5560
282
5391
3515
1392
5758
15
6656
9942
999
4169
8448
9687
5113
3173
2616
5088
2316
4171
4791
4053
9859
1766
7176
8023
5687
3319
5312
5170
1651
6126
4207
1611
7604
1346
82
9021
2735
6340
9629
9608
3190
7922
819
985
9142
3895
7994
4167
293
9207
9305
7665
6050
6091
6369
9431
5535
4611
4436
6282
3004
1207
6335
7345
6256
8003
4991
4061
9193
4947
7409
4325
4797
143
7674
2464
1485
1167
7731
9907
4078
1578
2516
3666
398
2382
318
1016
5904
7769
195
9151
1726
8082
5717
7990
5941
712
8347
2817
3995
1338
4371
978
1834
3794
6442
3461
4454
6728
4521
7869
3373
9160
1293
4044
8797
5084
3962
7359
6187
9335
7764
7606
2307
3058
6477
3301
2894
7372
1762
2211
2618
8032
6267
8981
8146
2270
5058
9823
6795
1363
6196
2427
6540
8928
4035
6470
7922
5486
8175
6409
4811
4391
6913
3607
8894
2872
6497
9252
2270
4650
6532
3037
3610
7349
7464
5089
5929
8743
8262
282
8265
803
1092
4700
9253
9424
5101
3795
7931
759
3250
557
5994
2160
4549
9878
6122
6852
9030
2223
3042
6704
4307
5707
7541
6692
679
717
8743
8006
6394
5335
6711
4137
5904
2999
5631
5726
1729
6058
7673
5486
4887
193
9019
4096
9772
5030
2446
1577
6808
5688
5389
6401
269
8510
8462
6332
9216
1748
7033
824
6698
8617
7653
4723
6056
5763
1885
6921
3462
4984
2389
5695
2680
9775
9997
4483
1419
1192
5970
8032
8657
9410
591
9041
8803
8359
7860
9689
1703
855
6146
775
7118
779
6361
3589
8553
6999
2463
6076
4072
988
3922
5395
1100
6391
6140
3529
8117
4134
2776
1268
8607
1125
3420
8575
1673
4045
1108
6119
9328
2308
6848
3598
2598
5869
2437
5348
7351
4220
8686
2706
5981
2676
3419
5606
2984
824
2522
2964
826
5897
7757
2562
7501
734
7034
6326
8694
1988
6428
6191
5573
9293
8342
9036
3880
201
6896
6603
1212
8887
9897
7749
7191
8845
6536
5896
5522
1118
1353
4135
7893
9918
7944
4069
7110
6991
370
2212
905
4491
6338
9477
8456
3728
3784
5185
8802
3742
1742
6855
4067
9345
7098
1032
699
2991
1144
8410
8739
8639
3743
8597
2599
8657
8335
5989
6743
6695
8036
8463
6247
490
1614
4830
5260
8571
8303
5340
6098
3979
2054
1914
7880
6269
9100
1244
6430
303
7536
4406
6488
6644
3969
1217
3206
3726
232
6217
2358
6378
2700
5845
7733
8806
7739
3170
9776
2641
9519
7335
1699
2303
560
9802
8006
594
1156
8408
5654
7170
1128
3286
9930
1342
6244
5764
5510
8513
2063
2506
8172
6492
9989
2380
4122
3897
3863
2767
2033
7929
556
5397
7527
2883
4721
9166
1053
3963
6111
8849
7914
3184
7666
4133
3524
5460
3986
3005
7887
3313
2716
7125
775
8102
5878
4565
3094
4111
4256
7022
541
9413
5564
4484
2797
4044
6312
187
5244
1662
8043
2666
447
5638
931
9738
3513
4305
1582
1302
8841
2949
7369
4015
5740
2076
6582
1094
6926
2437
2263
4753
7021
7373
7736
7136
7816
2142
3496
7981
3280
8060
8404
3704
109
6530
2946
3142
8908
4333
8659
9709
7055
6905
5821
8448
6734
771
950
9079
660
9758
6759
2977
3648
2205
9825
2819
280
7943
5411
8515
7698
4549
4663
2023
7799
2064
6678
6659
4977
4210
6849
3566
3939
1950
3317
9187
7129
2222
5356
2769
2782
601
1105
2194
2780
1736
7160
9770
4074
5501
9248
7011
8733
9984
1449
8867
5384
4655
1244
3418
9231
8376
9059
2593
8679
7264
3886
3141
4115
6838
1095
4775
8395
1392
4601
4167
9199
1037
3165
9343
572
3530
9828
8857
4682
3621
4193
4140
5120
7425
9618
1391
9908
3113
1236
1489
5783
2066
6164
2527
5310
6584
4272
9784
4890
1203
6444
2211
4849
4740
7378
2855
2434
9287
1685
3013
4763
558
5272
6371
1577
1213
8833
9927
6962
5107
6636
3026
5137
5745
1728
4524
7873
6675
8195
785
123
5011
2181
3969
6066
1850
5967
933
9903
4945
3647
7917
4476
9673
2650
5189
6065
4069
2689
8789
5548
2510
2593
3646
4546
478
5925
3436
111
9762
8271
7789
3086
9442
2665
6703
3319
3060
4745
5356
9608
6472
5913
9901
3467
4065
1023
6290
3555
3260
6955
9681
2010
8510
9782
1554
4786
6366
1203
5344
5597
2626
9393
9047
7086
1031
5509
5071
3446
568
4694
3405
5863
5006
9635
4089
5885
3991
5457
8912
2103
9774
7077
285
2364
7391
3992
7316
7155
9055
2937
5271
9774
5362
5837
4774
5411
6967
9042
1412
4391
387
9977
4705
4460
733
8998
7814
3248
2310
7535
5801
4776
5316
8382
794
3286
3101
391
6956
3518
9866
7767
6837
9073
3074
3654
3368
9511
8348
8766
8532
2435
7163
8457
576
8975
9265
5799
6521
9801
2416
3998
5686
4074
1817
8783
2946
5601
313
293
7546
8858
8419
4420
4414
2520
59
5560
128
9667
5935
6305
4982
1939
1488
4716
5870
9560
515
6530
2178
378
8684
7888
8246
8853
3428
3982
1554
265
7990
426
5310
6325
7766
7043
7790
5849
6503
8333
8482
8168
8400
868
2846
7579
9714
5571
3327
4249
76
1953
4181
766
9404
2187
1583
3753
1030
5181
8542
6854
5452
4700
6211
4784
2010
1037
9325
8112
7663
2699
3701
4984
3080
3198
8021
9077
6268
8093
412
2750
3095
9186
2767
562
2225
5968
2194
1116
9230
9279
9478
4549
939
8477
9055
8862
6437
1379
3606
792
5561
5732
9122
5936
9229
2029
3004
8444
8469
124
8665
2750
655
6277
4916
8537
2090
3027
7436
5415
5866
1584
2605
5624
2675
5332
1078
1502
143
3460
9612
9414
3174
5741
4868
3378
3769
3042
2170
9713
3838
3291
5548
8707
8645
9290
2766
498
1680
3035
505
175
4009
1014
377
1431
2432
6327
6051
9007
1157
6411
5365
7656
1120
9666
9071
9363
9543
320
9558
1177
9914
8532
8786
3156
9143
1881
4516
9645
4351
5174
7898
7395
6463
7805
3492
884
1595
1776
4868
8591
4075
8934
5093
3960
6852
2968
1591
1320
6068
301
9156
121
6571
4105
3217
504
4291
7379
7835
9440
9572
4282
9391
9479
2767
3712
7420
1453
9729
5513
8646
8427
178
7630
8885
642
6342
2024
235
229
2784
8236
7681
65
828
6110
137
3326
2669
3367
5774
8960
867
9498
505
3652
8700
4719
1446
2641
5639
1658
4319
197
66
7833
4854
5509
8276
9017
9481
1292
4806
7142
9864
496
4168
1505
9141
1172
8178
8762
5170
764
6254
5398
7480
8886
8280
6240
194
1976
937
3888
2734
4138
8783
6938
3787
5962
739
9332
1698
7110
1180
9256
6231
9104
2348
3627
2477
1857
1411
3393
7554
1252
1185
5646
4742
5328
8266
826
7665
3495
6107
7200
9248
6596
3443
230
6314
5613
406
1444
863
3354
5632
9996
3391
6520
7720
202
1884
5266
3533
84
2563
3526
3982
9130
4877
6218
5164
8372
3767
8734
9066
2183
6821
68
3355
9215
2556
3397
4235
9316
8788
6940
9819
4407
6813
3554
4035
3872
7942
9649
2659
9232
3846
2753
3780
8608
1101
2316
4722
8815
3354
207
6235
1784
1614
5758
2657
2452
4289
5179
3648
7285
3835
6704
9083
6123
6115
926
3770
5206
1919
423
2727
5889
7472
4026
968
1848
2228
8826
3938
7350
7753
7402
6095
573
1084
8621
5435
8880
9602
7868
1231
7462
2139
6573
703
8822
2842
1507
7931
8219
109
1468
4880
9340
2836
2723
121
5273
145
4819
5558
2124
8799
5259
5259
6515
4581
4911
3355
3650
53
6027
9913
9618
1331
1242
4644
176
754
5055
8376
8391
689
8928
1337
5183
6074
7371
5448
104
9780
5155
5082
4449
5370
5159
7032
5235
6438
2236
5786
6454
328
988
4666
3581
6754
4344
6814
8311
8605
5448
2624
3183
3053
7508
1775
9912
5963
5007
8726
998
1573
4912
262
1503
2419
8413
2476
6784
1577
2099
2432
2357
401
2458
6684
4128
187
9130
4811
758
5430
424
1174
5056
9669
9274
2206
7994
2336
9038
9743
7196
6447
6303
3106
1537
2508
2245
3979
4913
3594
4953
8455
5123
187
2633
80
8373
1065
1635
6177
5914
8324
3816
7313
6988
414
4953
6349
1451
6985
9603
9234
6164
3278
8106
4379
1579
9837
8281
1310
8830
5363
7747
2102
3050
6708
2812
1072
5667
199
6358
9152
6990
2729
287
9438
490
9428
7727
9512
1938
7071
6435
4322
9733
8869
7585
606
7639
6785
3531
193
7480
2125
3975
4835
7297
3746
2502
9675
9985
5998
4434
5922
8470
5217
2568
5864
6127
4457
9539
4967
5324
1037
4221
6460
2744
414
4912
3574
7415
2937
3880
3367
6301
7088
6225
3955
2715
4000
1036
3887
4820
3189
4305
8373
5069
8769
1195
2145
6532
8695
9886
2825
8776
7006
464
1865
4192
477
95
2332
5498
6617
73
4150
6501
9524
1229
7730
1177
3749
1677
6381
576
4037
4899
6345
3179
564
6743
881
1926
5137
7120
1418
332
3700
5846
4462
865
4455
2400
7695
1075
8927
6200
2505
6819
5359
7408
3023
7409
6
8239
3694
4462
2065
1300
8378
4835
2256
4563
4038
8134
3417
2247
1171
984
3839
7085
1322
3488
555
2271
9245
8137
274
684
3604
7795
273
4928
5416
7317
180
4189
7914
2880
8280
2922
4970
4161
2764
2020
7760
7105
9159
5225
982
9263
58
2302
600
5366
2260
5762
4834
8184
9406
9764
8893
8540
5296
8241
1840
8821
4229
4262
875
6325
9886
4186
4329
6330
3551
8228
9686
9926
5821
3764
7096
8310
3306
8877
1979
3528
3303
1454
2585
5427
4946
3488
9655
5998
4901
1137
5701
5182
9325
8576
842
6768
1509
7689
618
9019
6405
6285
8759
2342
9042
4625
4485
5464
3763
3814
9603
2365
5134
9879
5394
4496
9421
4190
3075
6719
7601
4296
4506
835
7004
9236
1699
7559
8920
9883
4715
6362
3729
8014
7547
2773
3484
7415
724
4338
4241
6599
7521
9779
6896
5450
7930
642
5803
7487
806
1123
9046
5332
9992
9717
2833
9451
4644
5810
5249
9245
7460
5407
1317
1192
7054
2832
2182
892
2367
9398
6098
4567
7626
5820
7890
878
6144
2447
6534
5755
31
270
7616
1344
749
6096
8561
5145
2375
7294
9712
6950
5409
5069
3645
9293
4034
343
8386
1760
3826
3049
7640
757
92
3831
2550
4098
9260
7025
5062
4123
7028
5126
2520
3964
7353
7903
6781
9063
5779
3837
8829
51
9086
7586
1645
3723
807
4857
9912
5967
8745
5208
5036
4276
6317
4091
7913
7696
4288
7729
9878
8956
3238
8331
4389
6907
9988
2564
8088
7389
3122
3205
145
7147
3733
2475
2995
8551
7572
5668
5980
2506
3878
5389
5722
3161
4359
9956
3586
827
3019
4353
1044
8840
3824
8467
8371
6020
8574
5325
736
8855
1739
1505
8449
6557
2565
2988
4902
7754
7224
2338
6566
9714
5469
7279
4308
9740
6878
6503
4223
3645
1527
5841
9229
8074
8739
6825
9732
1829
5394
87
2796
6349
2225
8071
4498
6996
2520
5063
9379
4945
2665
7705
4248
4070
8125
5823
992
8492
1573
1672
4488
4221
2175
5493
7241
2647
6289
6673
1945
4590
224
2732
6816
1031
5121
2859
6237
751
2510
8783
1037
5617
6621
3407
8545
1492
6194
6800
2461
6410
4125
9909
6534
7971
8116
8663
4060
8735
9198
5022
7289
1834
7955
6956
6977
8944
106
6339
2516
9349
4175
2328
7361
1871
3956
7899
2770
1139
7642
8906
5304
5863
3634
8307
9968
9579
290
2971
1374
3680
3173
6898
9947
8421
8722
2598
8753
120
7684
1889
9316
1734
5135
8435
1497
9661
6485
6965
3371
1710
432
8329
1921
9952
557
5251
4322
7420
6932
1007
2608
9476
7967
2104
1595
9087
535
6471
1068
198
3376
687
8466
4943
4740
3345
7535
8522
290
6745
1781
237
1399
5838
8925
379
7151
1558
4027
483
5572
5532
4461
8762
944
4491
9505
3491
4397
5689
956
4532
4411
9101
8864
7274
2325
8267
8289
3814
5534
9245
8759
3392
7625
6353
8058
7804
410
4124
5882
7797
7536
7189
936
3301
3145
3724
7138
3763
1940
3501
716
4802
8908
8586
202
3968
7957
3328
5584
1454
8777
356
1238
1281
321
1033
9594
4705
7506
2060
9022
353
4947
4701
9874
4972
7851
9552
7236
4560
5547
7619
7574
8127
7574
8073
9179
5374
5692
4028
3040
5150
7786
373
1671
3743
1200
1852
8247
744
3727
5339
7394
5530
232
7585
1992
9251
1646
8571
7423
5604
980
1049
5838
8675
7890
8863
8228
7629
9325
196
1348
6144
8855
7014
9878
9150
1353
8678
1585
623
2917
5938
4722
4017
8117
1348
2407
1201
7985
3498
8300
6740
2507
5419
1558
1774
797
2020
6736
5829
641
7447
6063
5444
6614
935
7387
5705
2632
8858
930
4450
416
1482
1984
9236
133
5199
4677
3959
3255
4932
4036
5480
528
6813
9684
526
9894
8262
4762
9705
169
1133
7880
8560
6350
3746
4285
5242
1521
9294
4774
598
8498
1382
7375
9267
1620
2249
7332
9718
5343
5626
5470
7055
1706
4096
3723
4915
3117
356
9258
1794
432
2802
5420
2742
8815
8534
8561
9524
5513
1024
4679
1065
4313
5482
8786
1275
1223
2220
2905
3219
4697
7253
5703
6960
1588
9750
7900
3419
6937
8009
2793
8115
1700
9151
512
6716
7544
2875
7950
9042
1993
6303
3695
9338
324
5199
8769
8427
2898
6648
9468
7732
7891
9674
8193
6004
9735
3197
1811
7125
3046
5259
4770
1342
241
3482
5979
2919
8668
4356
4284
4313
9607
8181
7259
753
7247
7168
2009
9322
416
6589
4664
3546
3692
2704
7354
7864
7351
6635
7588
6334
7543
372
5149
6479
9075
9654
5918
2237
3229
8590
332
9680
2145
2587
6608
5358
9492
9381
5295
9911
4358
2822
2239
8953
1623
384
1650
9124
7406
3368
9552
9679
2632
8230
668
9032
1225
8544
8484
1241
1996
9734
9150
9610
4915
2903
4688
3270
3100
9835
9991
7923
1624
8558
1079
3737
3025
7741
9188
1833
7265
8630
6374
5730
804
5226
3559
5682
5466
6997
1174
1924
2777
3506
5924
7495
3621
7051
4559
2543
6184
7667
7007
9787
7430
4640
6739
5156
4627
64
5819
8549
3814
2921
5731
7110
1529
6656
2776
7463
4582
9284
8610
3933
235
2705
2317
6946
5740
7067
305
9522
1870
6805
4269
59
9815
7255
5478
6434
4604
4666
5730
9889
1090
7837
1465
7105
445
6611
7710
5433
6114
1053
2822
9312
8200
5225
3314
5597
4397
1187
442
1710
3732
2104
6690
3342
6637
8130
792
7743
1147
5154
4541
4577
402
4396
3244
8774
1050
373
4414
8847
5615
5791
6032
9735
4488
4576
6568
1402
4745
8420
3827
3127
3735
7991
8640
8713
5079
7245
2449
9691
3524
8193
4899
1996
2966
3871
8715
6563
8885
9302
4318
5832
2399
3772
5934
6239
8211
2900
4246
1432
2840
5636
8063
2170
2674
9609
8918
6642
3650
8035
8019
9307
5644
2780
4578
7232
5023
1120
8166
413
8234
8232
5456
6561
7795
3517
3483
1466
9594
6488
7374
3177
7020
7137
412
1977
3113
6457
8220
8423
6687
5095
6908
8529
2127
2007
7068
8626
5473
415
1684
2373
1301
5364
6183
8928
5898
5745
3172
4399
2289
3799
2685
8342
1777
6748
1200
3289
4824
8535
9116
8093
1357
4384
6894
5190
6861
7328
4678
7823
6000
3773
8811
5713
9910
4655
1396
6718
6821
9833
5820
7592
8188
5975
1960
9146
4141
2386
9726
9806
2727
4984
8511
6855
7157
5932
3156
6504
4071
5329
4126
2318
3696
1785
704
6533
9688
717
1256
286
2448
2767
3851
6914
4739
9864
3878
7126
2551
3149
2670
6055
7329
5230
2625
7
7919
9046
9812
5051
1882
6996
4638
509
6191
6948
4793
7875
6757
6203
2406
9725
4684
597
9082
3780
4760
3530
8361
4427
8235
8890
5001
7746
7665
2628
4459
6359
6312
10
3948
7267
8384
9479
8542
9242
9281
9493
1940
6333
6923
1703
1698
546
6211
2397
3002
9891
8756
4276
3417
7608
9086
2299
3386
4636
6735
601
3766
163
840
2298
2151
4426
196
363
4364
3863
7052
5716
6095
1167
7366
8135
2405
1847
3733
6713
9558
4468
9726
9162
4490
3937
6041
3487
2099
5891
9445
1287
9522
5532
5347
9270
9547
6129
3532
4435
2425
763
4507
8808
6454
5914
829
1639
2948
6988
3734
524
436
3987
488
8019
6301
193
1953
7059
1425
7945
3047
6676
4897
3368
1022
9386
1330
6290
7762
2950
2935
2431
2697
2185
2121
2497
2307
971
8114
6767
729
693
2846
4420
3483
8967
7199
3962
2973
1699
8574
4862
76
2260
4726
783
892
3903
6795
1620
1481
5400
6590
5000
6341
5320
9263
7837
8235
7391
2779
5092
8013
7926
9803
5968
3098
6437
6000
7436
2424
2248
1085
1201
3793
3167
5479
3024
6833
7087
5876
2619
1069
3781
7667
8297
3961
2068
769
2966
8183
7059
8125
7154
916
3223
2914
298
474
1683
1339
3713
7181
4287
2737
7370
6121
2811
7733
7895
9067
8913
8172
7055
1758
9361
9620
8391
503
1503
8408
4637
9039
5926
365
102
2554
6837
7658
277
824
5802
3514
5597
6545
1211
1953
7493
8087
4031
1141
2683
8166
272
4485
5956
1197
1946
3173
2644
2466
1240
7487
9437
1703
7130
1959
6218
2080
9724
1168
2214
3250
5253
8828
6893
3619
3817
2714
9772
2759
2734
1902
3583
9554
678
855
2093
5514
1652
6923
7256
5529
3274
4011
394
272
882
5341
8589
5438
7503
2519
592
3048
9874
6440
6211
9189
2378
7962
9342
688
4036
2736
7618
506
8469
5086
969
7883
3166
426
7319
4678
2303
4337
6095
3735
6866
9132
9280
8611
6911
5508
5303
6534
3395
7707
3258
8098
1225
5512
3641
7847
909
5350
7065
9654
3516
5787
4303
9587
2520
9802
9358
6832
6561
7339
2291
159
9125
6868
12
3379
4752
3937
1388
8350
6463
8032
7645
8124
5828
6458
263
6069
5320
5410
6379
8986
2424
3899
6017
3582
6353
5823
6391
5974
1147
9059
6011
3377
3460
8215
5330
5566
9361
9397
1274
1283
2154
1207
178
1358
2374
6082
7325
5986
1872
14
1617
8350
6242
6735
723
563
3682
4513
5466
769
3859
9870
2175
2181
7317
2694
8281
5792
4551
1550
9506
8577
3994
6262
6664
8076
9850
7261
6326
2471
3953
7660
2359
2455
664
4504
4709
7528
170
245
7718
4702
3517
4131
2702
2010
2182
5897
8589
2730
6072
916
9985
8749
6473
6809
4203
3124
4620
6377
7510
2577
2372
718
6137
372
8736
9353
9426
8842
4892
1331
916
8696
799
2349
8124
9139
8473
8214
3322
8852
569
4152
5706
2902
8067
2887
9991
4788
7508
1726
7724
5974
6505
399
5354
7538
6061
6897
7472
9801
9601
8123
4509
6245
1569
5835
1695
7370
2934
6047
75
8684
7028
1836
995
4543
6751
5309
2620
6173
3375
4421
782
7891
7936
4229
6712
255
8502
248
1081
2696
500
3606
7177
1037
2707
3859
6005
7218
8527
5537
2636
9557
743
8751
6239
1890
8020
2508
5872
9083
3201
1807
328
4554
6601
6017
3130
2697
2392
6557
3107
5382
2506
6496
6882
7082
437
3314
2089
7605
6823
8780
9163
4861
9759
6670
5131
2696
5406
9879
5022
393
8666
3365
5191
1126
9430
8326
8174
6407
7233
6038
513
2335
6019
6833
3411
1342
1164
873
1041
45
2895
2548
2860
9792
3836
9635
4401
1556
3493
1632
5636
930
9227
9120
7255
2147
1489
7444
2978
2300
905
3507
355
8223
6189
4079
3432
8853
4794
7642
8120
5337
2713
9514
5148
9610
5902
1744
6053
9725
3439
5129
4867
6847
1702
553
1812
4471
9624
857
5668
5167
7370
2415
8270
3966
4683
7711
8036
354
574
6325
9369
2754
3034
1966
1337
388
6005
7433
2102
7430
989
7737
5258
3503
2346
4005
429
2711
8602
7214
3285
675
6877
1377
9460
5305
3955
320
2790
2417
5415
879
720
1729
3796
8036
8806
2263
7771
4256
1811
8690
6995
6170
1039
1836
1434
6586
6308
7171
9753
8805
6210
4870
8668
3211
2183
3861
4010
3204
287
68
4725
8671
9607
6050
3008
412
7671
5189
7357
8175
1426
8621
435
8334
6924
7245
339
4587
2144
4290
2116
6526
5090
6179
6181
6466
3732
704
1677
4465
5189
1919
5739
5139
9079
543
4148
7565
3962
7191
4910
1336
6411
3261
3928
7676
9414
961
1116
4381
491
9583
6078
7351
255
9909
4757
9458
8928
2414
2369
9606
1782
7793
3348
948
4411
268
6048
7466
5293
5112
8517
2359
6190
1876
1751
28
591
3930
8576
5840
6622
3076
9518
4304
3649
5255
1845
6803
1104
9648
4358
4623
4021
8851
8430
1650
2213
2204
5295
3811
9043
7871
663
9115
1377
1780
359
2949
4420
3185
4872
8235
3889
7248
6451
8931
3252
4796
9705
8450
5590
8205
5537
1604
8082
219
8682
9839
2044
9440
1117
4737
3023
2210
7186
4012
3516
5645
1402
7580
5548
726
6574
8650
1585
7470
8166
6266
0
6500
615
1213
5702
2586
2691
6823
7406
6114
1945
9815
521
7864
2777
4044
8652
947
8731
1780
7313
1320
7243
2979
601
4895
4254
2888
5304
4945
6876
2306
7214
8227
4578
2807
1225
2064
3264
1337
253
7474
2038
4735
7932
5353
9469
4917
6632
3733
4708
9751
5381
4142
8972
2973
1983
4256
4561
8877
9806
2146
1852
3980
2519
4725
9521
8377
9403
9245
9624
4081
9748
2081
7089
6278
7348
3462
2705
6146
5120
294
9740
643
5466
1753
6929
5505
4178
3968
4806
2584
4375
758
8072
1619
2274
7142
4008
9536
8422
1134
5836
7463
6430
7190
360
6799
6232
1614
1215
849
404
6193
2628
7846
190
1411
3717
4472
2543
4664
38
6416
681
2113
7362
3930
8490
5017
2436
5894
3399
2697
6922
5461
3303
4658
3583
3986
552
3788
8330
7686
74
1076
7798
3200
9287
9807
9722
4082
4613
3828
2628
135
3143
136
2036
5461
8255
790
2749
9095
4866
2930
636
4218
3380
8566
2785
8025
1391
7711
1885
4589
8700
9426
9259
7283
4334
5381
1132
5687
3896
9672
4345
4262
1788
6778
1043
6577
5661
6801
6637
9347
9758
3418
1726
5137
9738
5350
6624
1249
4061
6545
6601
4973
6001
3814
7060
2193
5996
3133
450
7140
6171
7513
938
5984
7612
9960
8605
5929
6225
4790
2244
4455
4899
9405
8707
479
8062
6426
7211
304
9710
3079
8987
6465
7521
652
6242
6829
3752
1938
9515
4633
8293
8649
9216
7569
446
4008
5363
5424
3812
7904
9373
1359
2988
3353
3123
1456
1696
3319
3449
803
9439
6413
4727
2121
7805
8445
8293
4675
8142
4363
5020
7048
9483
1737
6631
7266
9310
2598
2018
7695
62
5194
7188
162
1085
1010
1318
8829
9191
5287
6855
4485
906
1157
8575
4146
6068
8542
5106
4087
5495
8979
6526
2798
5134
6668
3351
2718
5283
4192
5473
6075
6312
8619
4422
665
1600
9975
8701
6001
4356
9451
9895
8874
7446
9109
6745
115
4374
8387
5432
1071
5169
5178
6984
9177
3105
949
6847
6870
6855
9976
7479
7063
8020
2548
2084
1400
5773
760
6518
4616
8803
3418
6815
9438
9675
3455
1806
1697
8305
7274
3837
4568
9288
482
5750
4201
2525
8572
8969
6375
7797
4304
5771
5299
1687
5762
8658
1164
9668
354
1115
2652
6998
414
6967
4242
9605
5451
76
5869
141
4598
2152
4240
4974
365
4102
959
5087
1399
5529
2504
7514
7634
7718
1033
4286
5956
7814
3052
2655
8290
5707
5018
3811
6905
639
1114
7254
3616
1508
8645
4525
604
3434
748
9091
561
3262
4455
8848
3033
8378
4553
3916
1967
6462
94
5180
6740
8610
990
8395
5210
4649
6650
4562
2725
7391
7298
9758
5420
2091
1291
6646
9642
8419
8538
5472
1884
4905
955
4529
5199
9989
5754
8768
8790
9559
6364
548
7143
8197
8767
8332
3926
197
8106
7574
3709
6879
1614
2983
1475
8736
9045
2906
5920
4475
1128
4664
7536
4186
9832
4315
6619
534
1678
5563
9513
124
6747
310
3612
7026
1569
7672
2987
1780
3660
9216
6810
2187
9113
5633
2222
6673
2344
4099
1751
7062
8883
6159
2927
5253
7913
3148
4388
7467
1150
9873
8406
474
8639
7551
4517
6552
15
3877
2741
7768
1903
1457
7734
5659
8242
5868
7125
9341
536
1081
8310
3680
9305
3131
7988
9263
6323
2535
7854
7603
9651
2218
8045
8269
9899
443
7150
9436
6685
7643
3904
9737
8831
1912
1064
7225
495
407
6354
781
8110
2945
8885
332
9812
9673
1983
4903
9832
6839
4991
1697
5228
3423
7246
5153
1321
6668
7230
2258
5157
6395
8620
9238
3449
6393
2887
5235
2575
6145
4980
528
3407
7694
4624
471
3026
535
828
1406
8700
2080
1279
1526
6905
2480
1505
7903
1604
345
903
713
1539
266
4027
7066
5860
3954
5921
9788
1054
4263
9661
1007
9851
5419
2795
6463
4550
3358
6900
4068
3025
7236
1080
9467
5589
6912
5941
2062
4822
1452
9243
7323
8504
588
8321
5024
7865
4445
7140
8560
9525
6840
7833
7421
9660
3968
7533
3536
3255
3409
1355
2268
9583
8039
1517
578
7477
5630
730
8092
396
7751
5258
1637
1817
876
9324
194
6056
8557
7907
5137
8266
5962
9401
147
74
7119
3091
6237
4065
824
8944
9982
1181
3276
8845
7181
9966
4298
9049
8
5563
9209
3386
2940
9378
315
5541
1702
7413
372
6593
9844
6396
5334
925
9624
2070
5261
9595
7390
3235
335
5323
8803
8497
3587
7336
5936
61
3193
7516
6524
347
4925
1504
5457
2746
9748
9733
9987
7399
2411
3710
3073
6533
4394
2310
3754
1589
8560
1295
9546
6138
3513
6869
3459
4428
2764
648
7426
5283
7565
9123
4699
5034
2553
5423
6054
1179
158
4974
8569
557
3186
9536
1117
1953
4922
6000
7785
3251
2637
7316
8942
7549
3504
2997
9829
937
1547
5708
8235
7077
501
8684
6071
134
224
5895
4452
8161
3659
3222
8316
3606
7244
4241
4497
6247
151
8661
6710
6578
6740
4912
1953
4422
2260
971
5460
8395
3928
9087
5529
6721
8283
767
5308
8861
972
8113
5921
442
6979
6377
4210
1032
7720
514
8793
5480
6379
5375
156
4715
4419
5215
4051
1183
282
3222
2587
7431
5948
5875
4135
3731
8254
139
1348
2097
9657
3711
6496
9565
7450
9851
4618
3191
1383
8692
7974
2850
7082
6327
9780
5651
6701
1488
1255
7504
8853
7157
3651
3275
6992
1062
6121
6776
9174
4702
1038
5866
2389
5271
674
5904
1489
8630
3057
6898
6186
4385
230
5845
9521
5996
9159
5937
7761
9880
4092
8591
4773
7481
9311
2602
3592
3410
2880
7078
4086
934
5282
1305
8452
3320
1621
5194
5590
5838
2461
8528
1317
8604
6298
5901
3860
4844
6181
6911
3095
2674
4048
7967
7599
1005
8969
2884
5728
1835
9704
4326
5673
1828
7679
7131
4727
5834
3880
7565
9806
3801
1951
9609
9742
386
296
561
4768
3506
7944
3415
201
4040
2522
2754
9379
3962
3783
4230
5618
4280
2866
5082
4124
7332
5670
4616
2616
242
8575
9077
3737
7615
6102
4917
3259
1926
3050
8134
5542
9477
8141
5018
1743
8287
2285
1456
6886
1825
2184
3732
9026
9093
9205
3690
7490
7286
4176
5057
7467
7923
1111
5750
5018
1207
6708
3073
48
6197
7927
4850
4706
6304
6957
9736
1232
618
1433
4244
6362
1615
7898
2314
9056
8907
8198
5683
4551
6867
1743
9742
497
1212
1388
99
302
5898
7053
9640
4712
7081
9163
4522
5133
5275
3461
251
1198
376
9843
5737
744
6723
458
4075
2453
7011
6546
3693
173
4522
9186
2430
3216
2900
6498
170
8748
1474
8677
2714
836
1996
2694
703
5648
9607
498
2635
3860
6800
8125
286
9409
4218
8228
8137
8400
6232
5253
5858
3172
2411
728
4310
4349
8239
5935
1067
8008
9744
643
1028
6027
7023
9485
1342
5147
1139
2081
7569
4307
7278
9082
9760
407
4666
3913
2987
9817
312
9205
6729
6671
9346
7646
1483
9264
9440
9298
8990
2713
606
1307
4537
9468
4532
1362
5945
9201
9517
3285
4061
6166
8096
1661
3822
5195
4440
2583
3326
7163
7779
9248
680
970
6230
4411
4923
1892
2675
6497
7766
5459
615
2580
7523
1966
3307
9340
5233
9172
3885
2639
5672
9778
7689
7411
2723
5878
539
2188
9413
4729
8333
6774
7818
8896
3999
7332
2957
9151
7583
457
7884
291
4042
6705
4186
8499
1177
4455
3299
3823
7077
7018
9235
2871
2399
9434
2573
4942
7900
6575
8914
9442
1714
796
2386
3674
4055
5698
6227
7874
9269
2323
8027
8695
6442
5513
6740
3267
143
1092
2264
3429
2303
9035
6071
3735
4720
3846
3134
7491
9213
1006
1242
2163
9085
7529
3675
9284
1212
5422
5166
4227
2806
9169
9105
8078
719
2202
6011
7241
3999
2817
9441
6389
2340
6938
5716
6896
4054
3727
8098
5984
7234
178
4407
1483
6908
2471
9434
3322
9134
5181
9967
5638
237
4195
787
2759
5686
5595
4529
8207
8465
706
6990
8337
1222
6994
2140
1288
9962
5578
7873
7471
9603
8735
4361
25
3319
4983
1772
2362
8272
5061
3056
5216
79
9442
540
7455
7137
6915
2128
3322
3813
4175
4073
3754
8427
8392
2464
928
7915
8276
4862
3329
6154
4292
6841
3239
7004
5371
5571
9818
6305
7697
4057
8679
9321
987
5153
3261
1402
9046
4038
4159
9992
4311
1519
77
5570
628
8186
8090
7547
4529
1254
1498
8734
2948
1720
707
8581
4459
9394
6304
1079
1918
7270
3776
7931
6658
4779
6147
1420
8307
1484
4255
4255
9701
8977
4312
5591
3398
8899
8978
3409
4832
9297
1220
3513
7306
9847
9935
4473
5680
8891
2498
6049
8890
1636
2210
5851
6231
9462
7935
5298
8714
4776
9161
1288
4763
4575
2148
4441
8996
8511
1902
8214
3920
4089
272
5801
6989
2398
2657
3285
9645
2709
4500
8215
756
3211
4064
2509
4139
8174
9790
7378
8753
8914
8992
5836
575
7080
9563
5279
7200
3967
7948
8599
9726
8859
4703
7364
1660
2715
3630
4682
1230
899
1695
8562
1778
134
4723
8810
4677
346
8206
1801
641
1675
3475
7828
8207
556
6938
5153
2671
6469
4155
3367
4833
2749
1071
6233
6535
659
1936
766
9157
5827
7114
5001
1986
102
4298
1645
9705
9902
3490
8571
2099
4212
9495
8
4549
1521
5671
4195
4839
5199
9188
4247
429
1099
1181
9026
406
9452
4780
9952
8067
5576
296
7808
3312
334
9551
893
8856
1793
751
2120
620
4151
1150
8057
641
8603
7281
7311
301
3536
1512
9140
2768
8229
9317
5756
6156
5021
3786
3347
3107
9863
2648
7563
8239
50
8319
8916
2238
1029
3384
2371
229
1185
2292
3226
2505
4704
5029
8365
7709
7779
66
7875
2116
2721
1983
7147
3775
7849
3800
3624
7006
8438
5308
5589
938
5434
6434
2572
5643
4211
9060
8304
761
5170
1584
7456
4474
1655
8020
6873
5168
8367
7434
460
4212
5205
136
4452
5880
7315
4186
6403
9659
1999
9505
6893
918
7109
7153
7706
8248
3569
8208
4022
9622
6721
43
1012
5023
7372
7822
7193
124
3599
5523
7831
4225
8642
3924
1762
5733
8543
2627
4121
201
5597
9420
5603
9162
108
3077
6160
2821
3490
5003
7310
6056
307
1090
2602
5096
5518
7571
211
1757
5859
3735
5108
3201
1105
9922
826
7755
1747
1420
2419
1595
4547
7551
2912
6772
6343
576
5270
8429
9552
854
706
7918
9849
3101
2013
8939
7659
3588
7531
5877
329
9640
7345
7025
1061
869
8360
548
4077
6280
9009
7705
2831
2567
7510
6110
9574
6715
9870
5640
61
388
5062
936
6811
4452
5231
7432
7924
9485
8168
2312
6218
2151
7782
7875
5162
7901
5867
2411
3963
7636
5056
2879
4013
9677
8532
4446
2885
8673
6794
4229
81
9937
5606
481
801
1074
2071
3912
160
2782
7735
4805
474
7199
8597
8176
8517
5293
1945
9353
7963
4429
9058
4029
4639
3487
990
94
8649
5673
1878
3382
7966
8525
513
5835
2665
6494
6302
2511
7595
4011
131
3402
4015
5903
4159
7052
7484
7690
7107
5621
109
411
3214
5213
155
3362
3719
1056
1003
3402
9461
4405
4397
1353
1963
6959
80
4391
8276
8982
4990
8336
1732
9350
439
5247
6779
9289
4950
9846
1095
6705
3748
2948
2309
4711
3307
1289
9811
6169
816
935
4388
5923
3912
5788
9711
3756
5652
3639
56
4027
3303
9657
8083
2484
7254
1253
4961
6781
8114
8860
2691
4867
5894
4312
5089
4608
5052
2237
9556
8741
3162
158
6511
1591
8942
9845
7145
7847
7513
5860
3038
9134
6845
7225
3082
1123
9591
4656
4155
2492
8770
8913
2033
7150
4070
5486
8135
2873
7969
7016
5885
2700
7287
7696
7693
296
6340
3179
9858
6831
2414
5471
8083
4899
2937
4754
673
4462
6431
9074
11
6907
6090
8503
5431
5900
5655
2458
2243
7940
2161
7644
2305
1232
9085
9333
1305
8860
6420
565
6705
1054
1323
2234
8142
1862
4070
2027
9037
7465
9322
1686
4125
6991
1911
181
2680
1784
9728
5025
1300
5786
3671
5203
3338
7926
6063
6936
4236
7250
4485
7889
3374
2880
7517
6301
3382
3835
2561
9016
7275
8255
3600
6406
2300
7638
8512
2788
6874
9305
1417
8085
3662
9515
5382
202
7466
413
4817
7880
1386
6281
4862
634
8446
8457
7183
5770
8815
3731
7715
2485
4607
8010
2110
9551
5289
5634
8902
6194
6724
4819
8740
5443
6027
1432
432
5440
2566
6515
998
6973
2676
7820
7437
4862
1961
1982
2511
6725
4423
1895
5480
5107
2051
3353
1430
8023
2051
6103
9601
8529
1365
7058
1955
6105
9818
7631
8119
1366
3848
2881
1787
876
2542
7490
6686
708
6483
2472
7287
5794
7786
6937
604
7072
6622
1247
585
9977
5504
1470
5923
5924
7679
140
5404
3079
55
5068
2309
3941
4300
6134
862
5031
1946
9880
3207
8357
663
3029
4995
5190
9210
9055
1298
200
8014
6386
2273
7995
776
2912
9762
4744
103
9095
1858
4672
6734
1144
2345
4995
7623
6512
5870
3082
2870
6245
7758
6538
5304
2610
9406
265
9352
5873
6391
4552
7794
1085
6585
4765
5955
4315
9871
6327
2949
7873
9366
8292
8706
5784
6455
5097
3670
4010
8400
8801
5321
4714
7785
3507
1927
293
7679
9556
9346
765
4987
7540
1090
7680
7223
1249
5344
8727
4648
4218
5213
9870
593
6742
47
6022
7662
8908
6391
7022
6450
509
6835
2994
6460
534
3834
2045
5952
7334
3435
3689
8627
5541
779
3412
226
7358
5210
7314
7420
3909
7892
942
4677
7025
8944
3072
2188
3046
4266
3487
9400
8002
4476
3574
4209
7888
9671
9988
7444
8655
4091
4516
5944
8007
4180
7826
5182
5130
2040
816
4222
5069
3800
4921
1563
1637
9066
1917
365
6450
3247
4528
5483
1977
9338
1433
2748
3326
9497
4171
3044
6906
9649
8858
9821
4074
2240
2660
8959
4398
3287
3502
4087
6287
9879
1636
8859
2369
3442
3382
46
3233
2199
596
1752
5948
3549
4243
1619
3076
3343
6832
4409
3858
4428
6400
7054
1678
1225
4238
1918
968
627
9621
1820
2305
2017
7429
1174
6605
840
8721
2505
8054
837
113
6557
680
9772
5073
7217
5328
2280
9169
9564
2209
1361
1731
503
9162
6909
8365
6637
7291
5712
2366
3291
3753
2358
8171
1967
6122
4640
6690
854
3971
167
614
4510
1105
3206
7597
4328
6213
1983
608
990
637
7123
7673
3757
9391
1265
7716
9130
5638
8414
5318
3210
9389
9124
4782
7893
8387
4215
3133
948
2806
5424
2389
3959
5748
6089
3797
160
8298
8793
568
6226
1348
9754
1109
8286
6360
1651
1732
2572
3771
7587
6410
5417
834
8919
1249
5649
356
8807
3057
4789
8005
1514
4626
6957
8655
4701
4169
877
1567
8286
2731
962
124
8790
1318
3105
4306
2504
9011
3512
3120
4312
4378
5660
9805
1552
5140
1317
4774
3902
5217
6441
1
951
4054
1733
3809
8862
428
634
6906
6332
1807
4635
8873
7888
799
6928
9322
9524
2198
602
9457
7650
7717
6880
7856
7350
625
2212
8975
110
9192
435
4074
4295
6087
7665
2062
3940
712
3105
2096
2666
2804
8525
677
9952
8607
2828
3467
6371
5384
5812
6067
2898
6135
6996
8613
6968
3993
1228
6176
4537
4968
2675
712
3099
8463
2746
552
5346
7288
5522
290
6944
2796
6350
7340
4764
6179
5395
1373
3845
3992
8153
9424
2336
4510
9184
2508
3709
1667
3682
9281
4668
5016
3852
8474
5338
7389
3560
4630
5543
6759
5204
1009
7316
5187
7363
9440
9104
5664
395
9366
1584
7172
9897
7364
8482
9342
4666
4019
8333
725
6661
7178
4741
8874
5345
9350
3356
6183
7748
2287
3542
2764
8594
3622
1486
6482
1947
8874
9386
758
6925
7065
2249
2697
5298
9758
9842
7714
7987
1402
6377
1917
867
3535
4623
223
7636
6622
4304
6417
8981
1069
6907
1188
2788
3333
275
5555
9709
3909
6776
28
2076
1505
8212
4349
1814
1689
9163
8739
4804
8932
7966
5180
4964
8105
1188
6475
1213
5226
3077
1559
4434
7512
6256
7864
9571
9669
3689
5411
80
6729
4824
2744
8088
3740
752
1817
3825
9122
4186
7521
2164
1635
128
7658
2421
519
2194
844
9981
4614
7754
3116
4748
9055
2266
8781
1950
7467
9483
7462
5407
3489
9592
7212
2008
7958
1737
3086
8856
7079
897
1610
1291
2529
1609
4219
861
6587
2661
6932
7171
4113
7542
9277
6510
8473
5169
2787
3186
358
4223
8287
6548
6856
2276
1600
7850
3094
7817
9334
6295
317
9276
9953
2867
2356
186
472
3905
7099
3746
5807
3744
791
3208
6053
7218
793
6758
6793
8328
6754
6852
8904
972
1063
4338
7270
1252
6935
7115
2318
8617
6492
1555
4352
4816
1820
2485
8286
5516
9119
4121
5583
9304
9812
26
923
2754
2725
4890
3481
8248
8335
4754
6537
3350
9458
5130
4610
6635
2739
8413
4274
5105
1846
2965
3419
2589
6323
6291
3806
6848
9788
3850
3502
5504
7302
3209
8977
7352
4581
484
1506
6168
1037
2321
8881
8655
4549
2022
1359
6860
8342
2843
304
8065
9368
4989
9030
1943
3204
5365
7971
5592
2622
765
511
1953
5709
5855
1552
6075
4699
7026
8205
6703
8532
2012
874
7755
558
3027
3442
5388
7769
8077
3271
1553
9476
1117
5283
4227
1469
6759
9532
7815
6309
9345
8343
4627
1665
9384
7384
9777
6370
2570
4799
7383
8223
7924
3960
5508
8466
1934
8297
936
5346
5017
1190
2594
3189
5093
9948
4168
4036
628
569
2316
6010
2091
9100
6774
6344
6475
6243
2581
7258
4241
4097
2697
9723
1850
7859
1359
3562
5925
709
4636
2313
6980
7123
4900
7800
1671
8426
145
2463
2547
4509
7463
7155
3402
7329
2327
8328
6509
5079
1845
1329
5234
706
619
5848
1849
4836
2438
5495
5712
1132
9696
5935
1395
1569
5093
5050
9865
204
6985
4191
8324
6645
543
1746
5957
4605
1806
8966
3506
6666
637
3267
4319
3729
1642
6095
3308
6463
9151
817
8158
6531
3553
1110
3986
7360
1428
1800
8702
7806
1234
2274
1314
7150
9607
7153
9585
6608
731
236
6569
739
2702
5406
7842
1979
315
2636
2505
2895
3280
8040
1404
3699
2536
4483
5464
7050
5008
3211
5471
8255
8949
7621
2236
6598
7815
7413
2648
2708
527
5103
2814
7644
9932
7149
4227
1675
9271
8801
2675
4630
8575
5177
2501
5099
9021
1059
717
2807
3510
8410
6481
7021
5976
3730
1484
3979
282
7029
5914
8040
1937
387
2822
4473
2343
6892
978
6654
5766
64
2577
6780
3852
9795
7530
7185
1090
3312
497
8812
7402
8668
306
4482
736
3924
3944
7220
3424
7269
8936
8086
924
2119
8566
3714
537
6451
4178
1071
708
7530
7552
5838
8589
1564
4234
1238
4691
2794
5613
6143
8666
8075
3541
4874
9507
1086
6308
6198
6805
4966
8928
5757
7082
3403
3861
4387
679
7981
498
4608
190
3922
3096
8947
1020
7302
7142
6692
8294
4251
3618
175
2019
6710
9056
7750
4207
9900
6886
8261
7479
3813
2143
969
4548
4780
7296
5691
1968
3405
1692
177
9525
2067
914
5665
8732
8531
5200
6967
50
2234
7998
465
8630
6319
6741
1933
2679
1581
7926
6244
6839
8168
7749
2727
5401
7085
7677
3145
6602
6334
1601
4126
9781
5880
7496
2233
1761
1516
1891
7797
7448
206
9864
3154
2346
8485
6764
1970
1470
1118
421
8989
9961
9347
4204
3704
5581
6812
1967
7231
2253
6493
5658
8944
6808
3855
5172
8346
8186
9824
7871
8063
9477
2156
2139
5851
8408
5305
5321
7093
1121
7005
1431
4358
7453
4425
8138
7319
3289
3977
5721
4534
7039
6643
2886
8463
2780
5045
5682
6417
2226
9366
6087
3119
1280
6713
6249
5030
4676
2560
2888
2664
3942
3479
3891
4756
9793
7537
5727
7319
9900
2471
6033
1390
6990
2006
400
5569
220
7557
6238
3343
4835
5948
9411
625
1313
3752
1310
5922
5345
5395
4974
4141
4304
5258
8931
5144
4186
3674
6568
9860
3367
2932
6966
24
6024
2189
414
2402
8536
9528
8087
4779
6799
5319
761
8876
1006
3509
5823
4906
7170
6485
5368
3525
1414
4774
685
3559
3898
4980
59
8085
4133
8098
7502
7192
8411
5608
9736
3064
3057
2619
7582
1900
4330
5722
5734
7633
6917
8191
1856
4404
8185
6716
1900
8318
4604
1913
3611
4130
110
9558
4276
9203
3539
672
1971
5329
3753
6411
1775
8823
6564
8001
9738
670
7163
2940
7729
1451
5394
6089
1739
272
8921
8355
4684
2980
1111
6250
2300
2600
6261
2760
7347
4074
4729
3684
2998
6186
4445
3900
1042
5816
3321
4836
4302
3610
9152
7849
5573
5513
9731
8186
7251
1692
6133
723
6875
2880
6361
1783
3795
4335
4892
994
1332
9285
6060
3351
6941
6975
5652
4461
148
5260
5613
1268
4316
4066
1363
6460
3652
3955
9827
7271
1311
3567
9015
8372
7920
754
6753
4173
2404
4852
6995
8016
8599
1731
7014
4436
1826
9011
7777
5981
9314
6150
2773
7907
7181
2976
7674
2474
4536
700
4344
9550
2166
1411
7921
1756
9310
5659
4943
477
7012
2827
3855
3733
701
5694
6598
8115
7792
8857
1435
4775
8363
469
2723
3819
8222
8138
2866
2330
4104
2786
5366
8758
81
8743
5591
408
2830
4431
7623
1387
899
5620
1401
5501
9750
2425
4259
2333
29
1961
4918
5009
1230
889
6001
5005
6752
5975
3222
2750
9174
6198
5554
2767
6529
6980
866
8610
1314
5633
5811
5966
4052
7288
7045
1923
2301
2225
3290
4669
4214
8805
4171
627
2962
983
2295
5397
4636
5807
9623
792
7628
4195
7809
2700
5878
7826
4911
3570
1895
6017
7625
8881
7982
9104
9031
9147
5721
9022
6738
7695
4456
3543
5260
9768
9216
7921
9480
335
7357
6616
3140
6396
1039
8145
7426
4544
9585
8172
9935
6092
1758
9478
3577
145
3035
2575
8285
9669
7071
7452
5813
6837
3730
5145
9342
1697
8266
7683
5146
2561
7580
6314
3135
7435
9801
848
6757
3257
2882
7479
414
3756
6390
8504
4347
7348
8209
4960
2752
3626
4483
2440
795
10000
