2151
8245
9471
5485
5108
818
8050
2965
3369
6162
2153
6289
3002
1083
4593
152
2157
9064
786
4236
372
7454
7514
3798
9332
8023
9818
8183
6991
2686
6010
6975
652
7750
830
7742
3600
9430
7219
6380
4181
584
7878
888
5841
3614
8790
2091
1583
7317
8251
313
6515
6089
6588
5275
7763
8348
3696
7599
1834
7284
3829
4237
5766
1137
9645
6835
9821
2074
411
1626
6351
2431
2489
1761
1534
4611
3757
8175
4149
6242
7429
3060
8268
5324
4938
807
4830
1062
1948
4875
406
4829
6384
5479
174
2273
2445
2185
6077
1973
9946
7597
487
8248
4070
3101
290
5727
6633
5364
6243
1107
6290
2724
7707
3175
1777
3911
3401
5605
9236
7641
4718
8303
1945
556
9283
2142
8370
2665
8981
8834
2361
4056
8439
2348
7498
3926
7094
825
6158
3191
416
8246
2686
4914
3562
3252
9209
2535
3842
8449
2102
4570
6718
7316
6870
5769
3730
7374
9338
9034
9775
7690
1385
9385
1431
5959
235
1139
7659
5441
1272
2131
9146
4841
5765
4272
2791
4844
6457
8054
3397
3492
6000
9685
5490
8822
5461
3485
4395
1270
2708
8869
7152
235
3418
822
701
8876
618
5086
6866
8750
2225
4468
1093
1192
9893
665
4652
5509
6593
6758
8076
4964
4848
9165
6954
329
2313
4249
9913
7323
6452
3994
2576
8660
5510
7211
628
3612
8651
7606
9719
8022
4174
7668
9866
5494
1062
7860
7276
6158
5764
3852
7040
2823
3061
651
6057
5615
7173
1413
6679
5251
6815
414
8110
1996
5839
4241
4376
2049
9296
2595
4786
5595
3290
245
5275
1116
5812
4707
6734
8649
4923
9948
9487
660
93
5057
1477
2939
2289
8248
1359
9515
8485
746
6732
4949
6689
2195
2020
4583
8264
9058
150
8327
5363
132
7097
6370
2644
8824
8617
5870
4057
59
4030
6094
7484
870
2813
5753
2265
7566
5904
349
7256
9151
5162
9235
9932
6191
1188
1783
305
6668
1855
9567
6903
5551
1330
6791
5939
2772
2103
4328
8915
5094
593
3677
8393
961
290
5916
6418
3838
5053
7283
5197
8766
9180
7424
5001
8926
189
8534
9998
3821
4854
3614
8741
8377
8960
9911
2369
2744
6532
9237
236
5851
4783
293
9643
1892
6951
9409
3623
7813
6348
5169
8315
1632
1451
9273
9372
5923
3656
692
5047
8195
6454
2681
2140
14
7212
2535
9819
9741
476
2108
5478
9513
4786
3055
6265
5719
3356
4543
9677
3642
2643
2709
6725
1131
1849
568
1543
3272
671
4232
2066
9803
2268
6358
7391
9760
3319
517
8798
3258
3314
834
3047
8638
746
9712
8531
4303
4778
2676
7144
8487
7110
3476
7311
6916
274
4455
6510
7875
5409
6898
4875
6553
4656
3575
4921
5677
773
1031
6358
7462
9299
2278
9024
2658
6648
1543
1502
6112
905
1426
7714
4651
755
9442
8896
2338
1980
5287
3749
192
266
2356
5286
2302
3677
7063
8895
7959
8092
7351
2509
9874
4139
7364
6397
1872
4709
8763
7069
5533
8029
379
7053
4189
2421
7002
9906
4386
5392
4956
7689
9482
1497
6842
6399
7417
534
321
3319
4805
76
6128
9135
2555
4060
8662
6785
3937
2257
8417
8487
4674
3750
9309
2158
6034
1302
5503
8537
6110
2433
1731
697
1552
7351
8314
8390
1825
3525
7072
645
783
1565
7158
1411
5782
7385
475
4670
2866
1119
4787
7424
7673
4171
8886
1212
5608
1955
8262
5421
1561
1343
1597
8551
8993
8705
8101
6803
575
6482
3235
2874
7704
3704
5665
1716
4233
8602
1431
4123
520
9504
2287
3499
7504
3597
3888
5933
6950
1801
6102
8790
3214
2002
2095
8424
3934
2197
5054
3340
1894
9728
1381
5157
7985
2701
7071
6054
5666
4940
9566
8035
603
6390
868
6321
5283
6728
8920
6434
7327
1145
3366
2147
1907
3753
8657
9356
3279
5863
2196
9153
7740
3518
7697
1904
527
1081
4276
2965
2106
5437
9917
9844
5155
8407
3914
32
2078
3360
6619
8569
4361
5679
6450
4425
9269
5725
3444
5238
6452
7273
5875
637
6864
3988
1452
5380
9074
1456
7428
4944
3519
2516
4606
7761
3548
9220
8646
350
3211
5582
8374
3795
5642
1495
4828
2658
2652
9652
6685
289
5645
4161
7409
7715
362
1603
6955
6818
3091
2775
6205
2356
3999
6055
5428
1506
3979
1418
9020
4105
5065
7472
7534
1517
848
2592
4573
7147
2563
5200
515
7032
8560
7566
7241
4635
9733
2104
8024
13
1128
9090
4584
9853
450
9961
8941
1528
7463
896
1128
1285
4395
7293
5122
3948
6368
889
4385
9124
2595
7785
5312
6777
3650
7461
1589
3260
7438
9952
4942
7431
6690
815
8121
5288
3764
1240
4053
740
4330
3740
1100
9574
132
2196
8051
3459
2416
8733
4118
918
1860
8896
8536
2594
7868
891
1593
8856
9953
4283
3927
8813
6608
8482
3722
1133
2506
1572
2111
8741
3217
5613
5502
1393
7688
5408
9831
2433
2656
3908
5803
8622
9921
8921
6065
4797
6908
2607
4971
8386
3330
7346
9089
2273
1904
9004
1924
8395
9091
1381
9484
8553
2563
3639
4237
3443
5765
5940
3789
5622
6314
7147
7174
7259
4220
2464
6035
8919
7953
8202
163
1298
1247
5456
6895
7910
1166
4437
1666
3029
8473
6408
2659
5841
4600
786
5947
8746
5660
775
8774
4993
2804
2140
7695
8449
13
6171
5178
6193
4912
9742
2986
2821
5572
2442
3134
3903
6413
3232
7565
4859
9320
6784
5821
648
1855
2754
5912
1183
3075
9570
7378
7089
8843
8043
7080
572
2802
9051
7656
6527
6172
3906
5783
9750
9416
5590
2376
5121
1464
4003
9694
8989
7698
8602
946
1619
6135
7357
6450
2538
2418
1854
6643
2880
8070
4491
6328
1436
3264
5297
6405
3986
4838
2616
9073
8742
2688
4092
9939
4222
2810
1783
5854
9724
3254
7986
387
2733
28
6412
9818
2037
3614
6720
1276
115
3169
9105
1237
3444
4686
9612
6968
4768
1476
6176
5702
7104
155
9996
6347
5259
2981
6784
6350
6981
7896
7671
1962
2527
891
116
3613
8391
1412
5030
9361
8177
484
7503
8440
1258
2891
5026
3835
7685
9361
8902
7492
6086
1997
1649
4298
9784
6414
5656
1271
5207
6975
6067
6542
5832
7350
3940
8672
4335
7187
4106
575
5436
7139
5808
3923
1966
8678
3223
9279
7139
2218
7261
4394
6670
6865
9647
8124
5449
7826
5249
258
4799
2966
8834
8140
7992
8292
8006
9471
3672
3253
4928
6895
9102
659
5659
4052
7749
2746
7362
4698
8603
4468
505
6135
7861
7435
5282
5754
7110
3080
8870
4785
6012
1651
2959
6495
1601
4358
8976
7028
809
9664
1837
5817
7580
1087
1724
9101
1044
3128
7395
4448
6598
3971
3804
6373
7481
8466
1488
3178
435
2556
5046
2931
5383
800
3320
2166
5727
1938
4437
4301
2804
3524
4723
6066
5323
5607
1704
9276
2212
5126
7896
2185
5169
7270
3880
9343
5458
7358
6290
1408
8000
7016
8781
6659
4640
1352
1766
4114
7641
9664
9784
4089
3902
792
3730
5808
186
5655
8844
3239
9707
3739
8381
9699
870
7336
7146
9008
9617
7207
8749
5943
7900
5980
5316
1588
2125
1097
8682
9794
7045
7407
7604
9433
2580
590
6450
3366
3276
6549
6948
9135
2735
8594
6126
8255
8237
3813
337
712
3968
2362
7412
8732
4846
8589
6392
9269
6703
860
7068
7741
2804
7768
9564
6517
1084
2007
7621
429
1310
9598
7882
8115
6427
1381
1495
2431
7768
5758
3647
5328
9505
6481
1256
2634
3773
6979
9005
1963
4185
3178
9108
2658
2170
75
793
68
7473
3412
1323
7768
1467
6728
1587
367
9500
5781
5760
6452
6402
6891
6361
5911
7489
3091
3140
8383
5942
2145
6668
9912
6238
3485
5241
3003
2513
6874
6767
1253
159
4251
5677
3447
8741
7598
8590
3634
4426
9901
1421
3033
497
3335
4992
6844
5243
8638
5746
4053
7543
2315
3173
1118
1803
3793
5737
1082
5550
2925
2695
8085
4949
9362
42
3537
5794
9221
5010
4246
96
1205
5034
4713
1311
3862
3917
5492
4442
8050
33
7015
800
3815
8847
3619
1015
8875
4764
5628
4072
6698
5403
8320
4585
5777
4711
5329
5312
8082
73
639
6989
3942
2527
7695
2974
2635
8509
6352
1904
2792
6179
8407
7573
4443
9312
259
1612
4941
6968
6896
1172
4363
7720
4857
783
2032
3108
3045
4855
4754
6115
9387
4833
9082
7026
8183
2976
4454
771
7703
2882
1421
7030
91
5462
9332
6750
5969
7856
827
6535
4250
1976
6286
5361
3642
8780
9969
6489
6054
4214
1026
1099
3723
2778
6747
9175
1221
5136
2503
7476
755
6852
2644
4048
4120
6410
9325
3656
7542
1948
1674
8774
6248
7869
6024
6312
4063
4367
9047
1135
9583
5261
9511
3620
4564
2055
1140
9962
2029
5087
8585
796
1300
5810
872
5757
4696
7808
1840
9100
5903
7943
5105
4180
3231
3226
1819
2714
1854
3438
3148
8051
7928
4307
5774
414
4041
1147
7978
6037
9841
8252
5878
1439
3866
5056
4282
8693
2640
6098
4242
7490
892
8165
9916
5015
2414
4638
592
5253
4497
4024
9881
5162
171
6949
2948
6372
1520
3450
4426
7536
4247
323
4169
4285
8361
6488
5369
848
2348
2875
9710
9827
8532
2128
7247
4370
5467
2642
4435
36
9117
840
2390
2014
8392
5432
8850
7049
2127
7447
1525
8404
4025
239
7605
6519
9229
4397
4004
7617
1258
3493
5607
7469
812
7947
4273
7749
8611
5949
9607
7985
2887
2321
3663
6967
8376
8495
5606
3668
7779
9365
9125
9216
8482
5665
4932
8266
7096
3750
2991
249
1812
8166
4350
8387
7954
6255
379
7130
5201
8174
8031
6713
5926
167
3336
6893
2837
3727
1765
638
701
8346
3320
2501
1293
972
2244
5729
2925
988
6124
6791
5918
5572
6776
5926
3195
6620
5845
7546
814
7060
1281
4916
6700
1381
6997
9376
7119
2423
6923
5559
9459
4115
6371
562
6835
7711
8224
6816
4661
7313
8742
5538
1914
8961
8016
69
62
6461
3028
6152
838
6214
7083
9254
9925
2813
8002
7406
7417
6935
8836
1731
7483
7139
9148
5800
9029
7598
1887
9284
6388
4480
787
975
4029
4750
5862
1188
2141
2464
41
3800
561
9328
8307
3737
6962
8198
1769
6580
1488
524
3047
3167
4088
1300
6056
3535
2676
7985
2829
1368
9972
3091
2362
2231
4349
3633
1632
6311
5361
4497
6936
9110
7756
6912
4459
1608
8722
7698
2596
4794
1862
9719
4996
2101
8006
9057
2464
7330
7295
9845
3967
4916
9218
3379
1782
4023
7278
4185
3546
7882
2763
2027
4388
5041
7773
5520
5676
9731
1064
9944
2961
4445
1556
9163
4647
8997
3409
9115
4645
6810
3459
8249
6783
1027
6515
8508
6140
101
6499
8960
2591
5014
1778
3036
4871
7967
1120
9482
9223
5472
2697
6577
5329
7127
2287
8974
3604
5060
8432
6587
2199
7990
1639
5341
9072
8182
1990
356
4354
9200
4441
3099
892
7256
4003
5437
6345
9247
3560
5129
8485
6086
5578
9287
6464
826
5186
4594
4729
7247
6200
5663
2990
6090
3534
5821
5181
2883
5158
7811
2729
3483
4240
5434
2579
848
7475
989
8437
9296
8691
7523
4459
604
7816
9357
4227
9619
4009
9141
4262
5774
8356
4775
575
863
5914
4919
8758
2782
9070
7559
3014
9493
4200
2087
7158
7484
1446
1714
1118
4159
3039
9685
9753
4211
9070
9700
6891
5875
850
8270
6443
4125
1082
4265
4139
4416
6957
8880
7993
2321
6967
7379
2955
1595
4760
2577
5379
5571
3661
8813
5892
4583
3642
4324
5075
5139
8448
9406
4942
4944
4355
7516
626
1568
3628
6548
922
1529
5085
7936
3361
865
1427
1929
9355
7925
7951
8425
7606
3986
130
4082
9469
7591
8143
8065
8231
4044
4910
777
5388
2360
435
2158
901
8158
9333
8780
1153
2482
304
1787
7873
3337
6016
1040
3631
8841
9366
4253
4687
8339
7405
3827
9955
548
7370
8180
5617
5898
168
8869
8567
3540
5479
9566
8215
2249
9158
8021
5482
8374
8042
7580
9810
3350
9442
507
9865
7866
2616
1391
1321
9731
7358
5282
5528
7743
433
1811
6216
4367
4086
3539
7449
5975
2063
4054
4986
504
7702
8906
4913
8947
5485
388
7975
8847
2200
5380
5368
5134
6300
3979
1926
6017
4450
5524
5622
9451
2306
7705
8086
8701
2579
3978
9448
3931
7170
4238
2228
407
1734
3808
3230
2906
417
6187
9436
231
5725
5753
3734
3343
3461
7572
9015
5560
5514
2887
4610
3514
3916
437
7363
3117
8016
5755
725
5648
2897
2888
9165
5268
1216
5503
1936
745
2555
7336
9765
1002
4045
5057
393
6198
3553
240
4056
3495
2023
882
7979
9407
4731
7142
9745
8682
2119
362
2996
3034
9670
9277
5355
1737
2830
2340
7680
66
7390
552
5790
892
7926
852
673
9359
6902
6176
847
489
4871
4610
1023
4815
7849
6743
4497
7700
1363
7249
2838
3862
1957
4042
5304
9811
6000
5901
2190
3402
2524
7394
832
1498
1527
8115
354
3889
1671
1797
1385
3998
1646
9678
12
4701
7585
1678
935
597
4876
8368
3498
6471
6481
6532
5589
5347
1422
1173
4702
8540
6508
7238
2454
4420
1547
5033
8723
2200
3322
4348
4233
2029
6407
3619
5883
2881
9559
2131
7427
5304
4842
5213
9196
6960
2932
4663
4477
5066
2085
9211
6898
1344
177
2756
2701
1892
8878
1293
4135
6502
6576
3005
5388
9399
1956
9801
418
6095
3283
2756
2885
9142
9398
8363
1934
8885
7180
7273
4040
4069
6800
2304
331
1075
492
7895
849
9919
2753
8875
2067
9750
9881
2480
1654
6494
4616
3849
4926
582
7251
1912
757
3208
8038
9521
801
5460
6990
8972
4780
5845
6221
1641
6360
8213
6877
8355
8644
3911
7400
5340
5674
9088
2371
9122
6510
530
1508
2560
1423
1147
6524
3386
5526
9260
9509
6054
3783
4250
232
7501
2744
4777
1376
7479
8582
4784
54
4568
8053
6819
1188
9625
8846
1801
3331
9524
8477
9314
321
5317
6319
2738
2822
624
1699
9099
2215
8039
2065
4371
5595
3579
9145
1157
4689
1807
7761
7177
3384
7176
1498
9767
8281
328
1767
3760
4158
1623
1989
7499
1594
8004
6592
4517
7108
3458
5305
6458
7117
7799
6842
6185
5801
3263
2479
8694
3504
3511
9262
1468
6705
5010
4611
5190
2786
6506
8968
370
2825
8306
761
5350
3486
9429
8476
6430
4676
7338
7886
1382
3132
1943
8622
3499
3317
2795
3149
4520
6115
6043
2981
1243
2667
5568
1470
2467
5403
961
9886
14
846
3512
3660
9997
9054
229
8638
8283
2743
5057
2994
7117
5032
5915
9035
8264
8565
5962
578
1707
287
7586
5780
7920
5572
7995
2348
6057
2580
6034
1920
7
2733
836
3071
9203
6028
4297
7865
1313
531
979
5183
9492
3850
1025
5138
7766
642
3944
2832
4269
4284
3718
6414
3571
2713
8560
3955
6129
8158
1893
5989
5035
7967
4633
5770
7616
9087
2691
7241
2256
1861
7771
1505
8805
9774
3997
6224
4331
525
7671
8737
4680
391
2582
2966
6244
8208
8633
2182
1707
7522
7326
4585
8109
5453
3620
6291
5531
4632
52
6828
9928
236
5630
5502
4207
7550
9007
3126
7517
6790
2675
2502
3874
946
2547
2775
7785
9342
5168
7346
6292
4257
3034
2334
4010
487
6984
2794
154
8064
3520
6853
4287
6430
4009
3702
589
4386
2226
26
8813
3821
6445
832
3764
6858
2377
4874
4162
5404
3677
1935
6007
9289
7417
9050
5234
4221
2979
5438
9356
3559
4151
1385
8014
8580
5849
4611
7963
344
8859
8759
8835
2523
8278
2554
2247
8637
3900
4914
8287
9021
3712
848
227
2545
4868
5292
444
5620
32
7244
7936
6343
832
4517
582
4768
4307
211
3350
1250
2686
5623
7028
3540
1633
730
714
9918
7165
2603
5333
2
6841
4146
4714
7097
6567
420
5413
5930
351
7471
6381
7465
6697
9052
4825
8111
1982
9951
5163
4085
8104
681
3856
2960
8989
7280
4061
3485
8119
1630
566
1672
7127
2289
7253
5814
3765
3156
6471
5637
6021
7480
2122
1077
8043
7679
6016
4350
2646
7239
92
4895
4668
9572
5504
534
9193
100
3197
9800
8765
2105
9659
9710
4108
3885
5787
515
3579
4633
6458
3934
7613
9106
3300
4206
5746
6655
3434
1939
5473
8444
2491
9182
4134
7817
1076
387
7313
2681
56
8025
9830
5482
1516
3488
8274
5933
9050
3615
7287
3959
3165
681
5286
5527
5019
9030
9177
1993
4442
4628
1764
4380
6257
4812
9994
7623
2287
4230
6999
6228
5105
9549
5934
1998
3599
9910
9046
6565
9702
2277
1110
6268
283
869
2389
4630
8112
7656
2620
8137
1054
6556
4178
4308
9224
7411
9523
7192
5667
7073
5327
4280
7355
4013
3252
601
9744
9747
5255
293
9966
5066
9510
3280
853
1581
1567
4885
395
9390
4184
9145
9009
9837
8463
2428
36
8267
8319
2527
7253
5440
160
9828
6870
7835
9683
1381
486
6475
8119
5751
9761
1094
979
6359
3210
1459
3362
3709
432
518
7223
2372
9345
4646
7678
6870
7545
4730
7340
1738
9790
8080
9998
4935
9778
5235
7514
505
5883
7618
6724
5942
7335
1673
6330
2064
9430
2662
7319
8341
3791
6578
4249
4654
2468
1811
8929
1194
2683
3112
2450
1851
2425
9179
6330
2855
5777
1764
8586
7643
834
8579
5999
979
2406
4466
9487
210
6281
5331
5588
9204
1805
7136
3350
983
4728
7898
2590
8377
2856
4089
6458
8109
2906
4075
8491
2652
8150
323
1963
5908
2907
8981
7199
3329
1788
136
778
4426
8666
4556
9028
5782
2833
3062
7105
5695
7489
2797
4039
7314
8825
598
3657
5788
2280
7470
1016
6318
6271
9694
4094
4278
2655
1507
880
5562
7533
1496
2723
5206
5575
9829
5810
4982
6018
6307
4001
6147
8700
9816
7880
1808
4090
8242
6870
4492
2089
4144
3489
8394
616
5563
1482
2536
6442
3235
2379
588
7562
5162
8330
5471
8527
7019
2521
2008
7546
2173
2346
8903
6971
8262
4677
2066
6777
8187
6984
4972
4067
2165
2900
8090
275
4046
5847
8696
1765
9475
9790
4407
8802
5701
1881
8623
2520
2824
7767
3729
9411
4095
6692
8411
8143
8535
177
8690
4022
2563
4999
8422
2338
8606
8498
3899
2957
7714
1795
8937
5077
111
4447
1351
2820
2282
2225
9102
9478
1741
8277
4546
667
912
6741
8190
4358
9711
7043
9176
8855
2365
6563
8291
8114
7752
9142
723
7502
4118
6985
36
2106
8434
3900
1826
3954
7826
8570
5445
4200
5527
7507
4763
1192
6643
8771
4506
5636
9632
9082
6905
9585
7855
9015
4589
6890
1820
3161
9488
8894
6815
4788
4295
679
2486
7394
2561
9954
658
8771
5836
2803
5159
6743
1458
7951
2765
9544
2557
3946
7496
7971
2637
1686
1457
926
695
8144
4167
699
9262
5764
8893
9464
6979
6048
8890
3844
9348
5115
8655
125
6172
3673
5302
8704
1846
3749
2985
2726
5155
9774
8939
2486
8507
2179
3164
4140
2659
7532
5005
8574
1879
408
8998
3816
6242
8706
9194
2322
2287
5908
5898
2660
612
912
1268
3645
9157
8495
516
7806
3906
1201
3630
233
4518
6520
8433
8316
1014
1587
9612
7632
9053
1289
9858
9366
5561
4712
8708
5025
3531
9118
1824
4926
4637
283
8480
7964
996
2960
7857
1502
2891
5471
5353
1875
7534
7984
8591
7968
5079
4915
9046
2597
2000
8050
9306
9015
8668
8515
7840
2762
7531
2480
2871
2284
606
7659
4435
5301
219
5040
9060
1690
4852
3067
4600
7861
2777
9548
3728
2004
9768
9893
3359
4426
3557
9027
3810
2213
6983
8273
5935
2928
3777
7810
6634
7702
5814
9970
3168
143
8300
8509
4514
3810
9866
4280
3653
7651
7818
8276
8105
5773
4894
8865
7309
5163
2801
1254
4497
2619
9540
3678
7612
9984
2046
6643
8513
5042
3046
8650
2212
3930
1197
4287
8213
9785
6535
8283
4178
1452
9074
2206
8050
5597
6978
8841
8572
5293
2166
2973
5675
8276
5426
6278
1602
8437
142
8365
864
4850
3635
5584
2064
3655
7726
4195
7538
9439
5663
4703
7308
4439
800
9734
2357
5822
3555
8695
8456
3595
7067
8647
5862
4268
8707
2297
2090
8313
4144
851
4647
2654
3019
1556
8147
2971
428
7214
5527
4411
6437
7692
6234
3486
6584
1496
5192
8351
9981
8858
5113
9494
8013
6467
1313
7893
5862
7959
2546
3143
1149
3598
3581
9746
8797
7196
5270
5789
8938
8248
5653
4573
5111
2502
1293
6398
3341
4757
1488
4690
8738
3520
9252
7917
5230
8364
2039
6324
5716
7310
2066
435
4514
3358
790
6478
1288
6428
4597
2389
5853
9381
9100
6942
6187
4554
7551
3633
7807
293
4848
486
1242
5324
2354
6645
5780
2517
338
6777
1869
2541
4213
4658
1602
2277
7955
8053
6582
2415
3103
8018
5103
3639
4536
7099
6096
1014
4898
2539
5534
1775
7945
2570
2149
2567
7382
6166
3180
8362
1819
9179
7628
6808
8349
2716
4028
8524
6967
2815
2102
6008
5541
3993
2822
1247
391
3107
9380
4860
632
4072
2383
7658
5423
8497
6164
8891
1996
2031
9520
4105
8927
1331
3439
9559
3479
1930
397
9434
4072
3040
4661
6694
8906
1311
711
8393
9631
1923
7373
1461
4546
2035
8520
5561
9295
8586
7344
5488
4263
9705
82
6728
6966
6574
6822
4348
4583
512
1557
7133
6525
8228
1012
6041
9394
6745
1914
8483
7033
8314
9385
7643
6518
4797
4906
9155
6845
465
907
5790
874
1921
462
4502
2629
3958
4795
9167
1458
549
8335
6680
1742
892
913
3648
1866
1451
9381
5903
8961
6278
6381
3265
6598
9531
2296
7544
1032
6106
7536
2673
7854
8534
6184
1994
5022
905
8815
9262
54
3478
1785
6700
8945
4850
2677
5588
1814
2073
6742
2281
5641
2954
7162
5291
7597
8934
2731
7156
3381
1372
190
8149
3776
8876
4825
7581
9186
8377
2201
2456
6314
8067
5933
2516
3318
6020
1234
5362
9820
4341
1675
5241
5938
5042
7051
4359
173
461
3531
6121
9395
8055
3408
5564
5472
6606
630
3453
2127
8540
72
6972
2509
889
3019
1789
2653
5701
8683
7340
8521
9183
1773
9669
4630
7716
9070
3860
420
8052
3792
1161
6445
8414
5115
4300
6248
7066
1633
8128
1337
4932
1775
1758
6077
9305
1241
2646
6504
6377
7352
2709
2071
1320
2915
1470
2181
6045
7624
1501
9954
6358
3376
6970
4178
2224
930
6965
6599
7135
9275
1462
5825
5128
5818
9303
963
6943
5001
4322
7833
9996
5353
7925
8106
374
134
3825
7023
8902
4682
3386
8507
7474
4411
8105
7413
6310
971
9095
7415
7581
525
2156
9636
5907
7302
966
1453
1670
7647
289
7167
8769
4638
5656
2202
4473
988
5957
323
5387
8459
583
9006
164
5278
3363
1542
6590
9165
1353
5702
7913
2497
7766
7882
916
7851
4793
8514
6080
6722
3893
9240
8459
1558
8230
4844
6350
1428
4385
3266
3737
4598
8198
5169
1593
7112
2674
434
2617
5051
4220
2788
3740
9570
7215
5262
837
8045
5843
8634
463
1699
6490
2153
4168
9918
3583
884
1948
4166
6687
6826
2746
9849
6948
1585
1550
2791
6477
6830
4619
8087
5197
5040
6619
3006
5801
7093
6056
2353
9008
5156
8292
4235
8080
9014
8636
6533
3705
1507
1528
9546
7760
4042
5679
8255
7230
6311
9181
8434
7615
5246
3041
4461
8502
7076
6410
3074
2708
2832
1823
6561
4335
2118
4195
908
438
2098
3024
9286
5589
8691
3264
8913
8575
4795
6691
9830
5699
5951
2218
7391
5709
7375
586
6391
7265
7477
6132
3662
1014
2100
5922
7706
4852
590
4436
8466
2756
9489
210
7684
4678
2175
9356
479
7445
3080
9739
1742
4333
3250
8705
6742
4050
9985
6754
3937
8226
7002
9314
9400
201
3213
8839
6508
6886
7514
9896
1568
9772
4238
577
5917
810
8915
4626
7698
3776
6785
0
1995
2013
7181
1225
6287
8984
5318
4885
9305
8935
9298
9847
5281
1168
4201
6422
2301
2884
7037
1547
3029
2406
6008
307
8408
6669
5053
7625
130
4334
9967
7787
5611
8589
5529
3634
42
1790
3997
1699
3654
7446
4114
4342
8776
3736
6337
5051
464
6743
4357
8432
6563
896
5227
2170
7879
8729
374
4235
6813
2000
7622
4964
3309
1454
9983
286
232
3072
417
9339
6404
4515
3017
6982
4455
6662
162
9306
2353
1625
2052
8147
2033
433
9736
8815
5900
702
5276
3776
2129
7032
2965
3864
2690
4620
3723
7759
3788
9642
654
9909
7040
8298
7598
6871
1107
145
4010
2127
7733
280
8923
9814
3184
9294
3943
8563
5947
9487
226
7604
4178
823
7206
8705
1917
285
1506
9090
1338
3901
2859
2517
9421
1548
192
7895
1358
838
5032
7484
9710
7873
1332
9564
7900
9477
470
3694
8964
3616
7728
220
5642
2165
1822
9502
5896
2908
2256
499
8702
5728
163
2816
8587
1311
7087
1069
3791
9358
2726
5545
2162
7300
7037
8512
938
9838
4306
1243
1413
4201
6783
2869
7159
6003
3333
8487
4960
5780
4153
617
888
6863
6075
5043
62
1127
4238
9394
7563
295
4955
337
9671
7016
1534
3239
9178
1723
9454
6287
5833
8380
9852
9645
3186
4698
580
9026
6047
97
2215
2216
8582
7793
2383
6565
1666
5723
5479
5210
9527
4722
6480
9915
9953
1353
6891
8767
9363
7104
8085
7738
3899
5269
2321
6098
376
1787
4498
7031
6386
6535
8394
6440
7147
7135
9552
4911
7815
8211
3237
51
3849
5204
9981
9028
8793
3345
3086
4040
8347
9215
2188
6634
1975
4403
4463
332
8441
8242
393
4877
9674
9316
4158
9529
8114
3521
9630
7325
6336
9789
1746
6992
4131
3309
9582
4282
7473
48
1850
9903
5837
5683
7718
6929
9172
6688
5897
6611
3522
1228
2716
7821
4762
2786
5581
2049
3177
9985
1643
2796
7766
1932
2755
5512
8022
9616
6879
1813
2707
363
2997
9577
9639
4169
1248
8785
7906
7847
2559
1463
4061
5367
2338
2916
6834
484
930
623
687
844
9498
6604
7161
1096
3746
8841
4348
6229
9464
7445
9070
5362
3270
1641
3397
495
9117
4363
6952
4365
6156
2285
9168
6494
6328
425
1088
6715
754
2156
4646
1087
2383
7364
8407
5910
8647
3815
2720
1780
1951
9361
3930
1103
7671
5509
6845
9284
9087
6113
7005
1941
6136
8440
9489
7919
226
7741
8922
624
473
566
6203
8257
7666
6560
1019
6876
1040
3230
5662
8944
9500
3266
4882
3959
3307
9410
8543
7096
4485
7565
8732
6429
4146
4870
579
9184
2819
5800
6610
2767
5461
6010
7645
6835
6298
592
9454
8565
9879
695
3227
4449
3842
56
9675
8436
5721
863
1130
8058
859
6623
3328
7292
998
8192
8768
7328
3416
7999
6486
4180
8641
6616
8892
5128
711
5312
4915
4316
7699
7987
113
1581
1810
5983
8651
7496
7733
9661
9059
2001
5126
1351
5579
3544
6131
5304
9530
639
1625
1610
628
7959
566
2709
6495
4651
5221
3071
9657
3432
1332
4902
5288
5198
6356
5319
9667
5383
779
3342
8847
5095
7224
8269
9414
2199
9572
4489
8353
4922
9626
1697
7036
3324
2011
3539
5124
2014
8924
2255
3795
876
5118
1611
4105
9240
82
5524
5536
2940
8745
5177
1818
2985
4261
3139
5960
9219
6403
9019
4110
2253
6950
7534
8314
2197
9061
6513
1565
3304
1101
9328
4610
9470
6619
3512
2921
6735
1263
4913
3953
5433
4309
4639
9346
6422
7165
4262
4103
2963
3719
3257
4925
2241
7748
1517
2857
8270
696
8918
1218
972
9118
3372
8357
4593
4832
8584
6220
2312
2376
2819
9927
2876
7778
389
599
9403
9835
8264
3542
127
95
1260
6543
5787
575
583
8523
8583
8881
2156
7082
3216
8821
3130
4568
1375
899
7239
6227
7211
1118
2261
715
2850
8423
5749
2787
9800
794
8388
348
4202
7546
7885
3202
1346
659
124
8825
7589
1155
8466
1259
5869
7443
6545
2863
4400
1323
4679
5032
6789
3941
5111
3253
5827
8320
6686
3900
2500
7335
5288
5015
6411
5991
2392
997
3683
4676
408
1603
3732
5717
159
8942
6779
9001
2802
2256
9896
3682
5747
9205
535
2070
9756
4085
2989
8687
2283
7957
5037
2174
316
3024
9163
218
4545
3753
5136
8030
5486
215
8518
9012
1341
4910
2698
2199
6869
2956
438
4838
2280
6918
4576
29
1270
1798
6556
8722
7726
2747
5725
2600
1314
7895
1997
9343
3218
1394
9373
4628
4616
7210
8083
5824
2143
2524
8665
822
6538
683
2143
1652
2964
7563
6688
6672
4074
1953
2604
6940
9778
76
4298
2124
910
6745
33
8775
7498
809
7655
9148
6177
516
7274
1861
5453
5221
9889
6646
1964
3466
4366
4197
5688
3870
3805
8702
7106
4514
6388
5012
4755
8509
5040
4633
7300
8345
4912
4679
287
9227
7594
1824
4082
2119
6211
8840
6139
505
6139
4829
7711
955
1900
1471
2395
6531
2031
6699
1485
3783
166
4103
9011
8615
2422
1034
7546
3675
8253
939
4408
77
4411
5717
6698
9244
9368
2082
2783
6445
8622
1819
7288
6225
9673
9608
6437
1310
9146
3648
679
829
3518
3707
1911
710
9236
8413
3366
8982
7590
8619
1208
1369
4699
6488
8259
8039
7140
593
1904
667
9374
5749
191
86
9943
2595
2431
8674
9620
5959
3168
8423
6172
2990
1313
5104
7230
1678
9421
1337
4829
7928
1658
6552
2682
4679
2785
9753
9916
9655
4692
1850
3139
9340
1447
7883
1996
5479
8607
5900
2120
6995
7614
8466
3324
4624
1543
4841
243
7712
4113
6691
7189
2684
9963
7889
8972
482
493
9421
4654
5914
6231
3715
1759
5302
3653
8811
4346
86
1665
1704
9520
3101
523
1922
3460
1126
3877
948
9841
2024
2867
431
649
7272
9659
2327
1833
1022
6721
7046
3950
4968
7232
1528
1055
4230
1514
7716
9426
3229
4131
3355
1412
2121
6412
1250
8680
3695
9519
174
3447
7901
3931
439
5900
6112
2220
9861
937
124
3335
1277
7612
1455
8261
1085
215
5011
8889
9402
794
7425
4204
6293
9115
4432
480
5336
7518
3553
5077
5238
4982
8052
6662
2644
6788
5620
8163
4409
3627
596
2652
5592
6733
1636
6464
214
3674
7719
8331
5439
2823
4104
8116
6255
3184
6465
3765
6924
267
5779
544
7572
7995
8767
2315
9084
1263
8669
645
7178
3675
8997
3853
6985
261
8493
4799
2761
5506
9020
3125
3472
2902
9325
4980
3885
3422
6730
818
2546
6799
5649
9774
2564
1302
6560
7343
8460
4826
1556
1575
2532
2539
2920
1897
7136
4072
9307
3763
5091
6300
65
1832
9022
6130
1986
4149
1861
1386
4344
9864
4959
6888
7472
3465
7304
7115
7324
9175
9192
6477
3461
211
6365
3130
763
8944
6107
2543
5752
5622
5081
2552
6901
5329
9797
2518
4541
5063
4508
5402
53
5471
8068
3033
5933
4633
826
1684
7980
4520
4977
7160
8411
4268
6966
6064
4002
8261
8511
2626
6478
1138
3610
8547
3360
6350
2497
6683
6207
9610
9922
8069
9762
3715
4367
5780
9924
6591
6855
8424
626
148
2846
713
9746
3518
8391
8428
1974
647
2200
415
2205
8797
8558
742
6470
1527
2123
45
8684
6974
4587
6274
555
9845
4864
1541
8886
3432
9049
3557
9190
6187
3718
7314
7076
5895
6330
5035
9146
3345
9449
225
3306
6539
1296
4655
4346
5930
3777
5525
4361
990
493
3698
9225
8451
1516
2922
1646
3001
8742
4242
8579
1912
5460
9428
5749
6098
6480
2186
4890
1458
629
6156
9897
5986
5685
4246
6597
111
6979
4745
7034
9998
4757
5828
3295
6128
2159
1543
7756
2378
5193
9211
6328
4035
8440
254
8812
6697
5409
3932
5763
1866
398
6176
4423
9172
9565
3802
7225
9642
2463
7719
5117
9196
1742
7464
4550
6644
7941
3357
1327
5856
8324
1904
6753
7498
3590
4674
1473
1732
3928
827
281
9639
6376
8682
6750
7767
8752
2325
22
7157
1491
5058
7354
5495
7676
2734
5053
8603
3250
6476
7374
5418
3967
6104
7600
8764
2954
2699
8065
2821
2959
1195
6192
6959
331
1581
1746
4810
3533
414
6476
6894
7658
2659
1033
4869
7769
7597
5680
5617
8153
1494
646
3716
1612
4072
9196
1606
2750
5416
1510
7761
1908
4887
251
4530
1858
3857
9377
8938
7657
9649
6164
1733
1195
8910
2698
2213
5835
4859
7140
8963
3319
4304
6968
9550
4643
7180
6098
5397
8927
3436
5278
1631
9528
9539
502
5498
4560
9646
7289
1109
9832
4479
9661
2743
5782
4383
1363
3693
6410
1678
3499
2758
7457
1426
7080
5847
3088
9050
1246
5908
5221
7839
7856
399
7292
9335
1043
1865
4734
4807
5898
3837
7718
6604
3933
1215
7847
4031
4226
1602
9372
9577
8210
1619
7246
7828
2972
139
8862
1181
2609
8590
3707
3626
9703
7019
5262
6264
9312
3406
2548
5995
5979
2916
4420
1862
244
3210
8380
1886
4878
1711
7059
6951
2637
832
9763
7244
6724
7539
3512
1093
2341
4372
7863
5663
2722
44
456
3881
5854
9083
5724
2233
8749
1651
7486
9609
4548
6596
7236
8258
4019
3125
3887
4081
7078
9016
7420
5003
1841
6224
8457
2955
8428
7947
8123
7126
2214
4719
7719
3566
6601
965
5721
8982
8463
7584
395
4612
399
590
9940
9431
2670
634
8473
638
4291
3291
5394
3345
7096
5412
7737
723
8837
8566
9933
455
1347
6593
3093
3287
7647
640
6415
4719
7495
1726
6557
1425
4343
7800
6999
9859
7887
9570
8250
5698
5523
6943
1557
9248
2862
5837
3256
3774
8171
3330
4308
795
8118
7617
9684
8854
2520
8132
5281
3
3929
283
5805
1280
3825
8766
5701
6865
971
3156
6589
248
9031
9590
8907
4748
9955
2734
2522
5040
6815
2976
890
1944
4812
4753
6032
7685
1963
3319
7076
9052
1644
8885
3387
1469
7583
8998
4431
7838
8184
2364
2416
2198
1111
9848
503
9760
968
1312
8898
1642
2588
174
3503
4805
9969
1069
6979
5060
6205
9849
18
3810
2908
9315
1464
7229
8556
8521
9467
9928
3960
8265
2333
3892
9618
498
6896
7404
4110
4734
4340
8030
4895
315
8213
8329
2848
9352
7041
2884
9737
1550
4472
527
3457
8737
3101
6126
9277
3913
4298
2247
6620
6885
5236
2111
9998
6149
6056
1824
9547
4596
4647
1612
1375
4799
3878
2961
383
8206
6276
949
8589
1356
4126
8822
94
1425
8762
4944
9777
2850
1420
565
6582
6556
9436
594
3810
3410
5812
8511
8236
3907
7198
888
7052
6835
5211
6594
6653
657
8649
687
104
2714
9676
3264
764
2990
5306
9064
7987
1141
6651
4505
7075
7773
2274
5035
9750
3548
8773
7126
3262
2565
1203
6092
5986
9721
8335
3007
4843
5254
2909
1437
5215
3506
5008
7439
7154
7112
7479
4351
2633
2273
5931
7243
7353
5544
2244
605
7180
7661
9771
6824
3681
5336
443
2320
5422
7644
8838
2821
1704
9678
5951
9199
3219
2461
5878
521
9773
4764
1908
1541
8644
9455
4636
7703
8408
4246
3612
1951
2151
4341
5784
4071
853
2334
8515
5166
2445
8965
2330
6940
4520
6840
8689
7899
9051
8073
1096
6351
5543
5945
3596
3122
5045
150
9376
5258
1180
4976
3532
5714
5928
9838
8370
2970
7285
1998
6577
8861
3122
2013
7501
2502
567
3488
4424
3143
3063
19
6203
5003
7885
3903
4918
2723
5360
3124
2308
6923
7273
5408
1669
5535
6016
731
8603
8085
7960
6571
3592
6900
4161
3378
1677
1324
9080
1309
9714
8483
3296
3070
9659
6857
9309
1871
7109
6994
517
7986
7943
7053
2166
2143
2315
9563
9689
9090
4497
9759
4187
79
9071
5185
7055
8695
8876
851
5712
533
7740
4172
259
3511
1520
9176
6503
2288
4267
9995
4240
7225
2445
9544
929
5565
9011
469
7
144
944
1938
9928
8808
8317
7656
4738
5942
367
7601
9499
6035
4181
8424
4199
8055
4619
5171
7917
8532
9840
78
956
754
5449
2526
6430
7193
1662
7955
4351
2445
2142
2496
643
4286
173
4422
730
1229
7722
3116
2323
5942
5577
1178
4883
5261
8253
5581
3852
9149
5623
9272
6192
2950
4357
5561
54
9536
6162
3759
5441
536
6529
6051
4623
8756
7260
2405
790
7087
8377
2404
874
2733
202
354
3869
9449
4360
2738
9050
4576
3251
5170
9477
2197
1152
9344
4913
8445
6508
9170
4864
117
4214
9294
6832
3160
8726
8465
7067
3260
3687
4893
1113
6844
1431
612
9281
7114
6200
7145
7782
6377
8195
5312
9743
2925
1700
7893
1559
7966
9421
5038
9103
5710
6907
8807
5243
7615
5489
5040
4749
9999
9484
7871
5236
2772
3612
4615
3086
5846
9541
6545
1431
8966
6254
4068
3223
151
7561
3255
6195
7698
1465
4279
8055
826
351
1387
9675
4389
7978
8283
1215
3848
9129
2438
1135
7677
431
6788
871
5742
6338
7494
8586
3839
2553
2028
3852
6519
291
2696
1395
2639
8668
6888
6063
627
9257
6869
3131
3386
6383
8690
7683
5940
9076
1953
4363
2487
5785
9574
4116
3326
912
9434
7627
6299
3029
7882
6170
1847
8251
8403
9306
5547
8638
7450
5437
7101
4732
3444
5641
117
3392
4239
3363
2782
6921
2980
2596
5501
7149
2200
4969
7961
8639
1264
1813
4688
8435
2805
719
5158
5915
9678
7371
1789
5183
5147
2483
6718
4210
5488
590
6186
9444
6026
2105
9553
1966
8733
2594
8493
1446
1931
3523
768
7122
415
6870
2112
829
7345
1945
9230
5675
7638
6536
6695
5433
6269
6025
602
3889
3878
3565
2262
464
6397
1551
5889
8269
5030
9667
5313
3414
7834
7591
6040
9883
4418
1078
675
2566
805
8599
7634
2145
2410
1965
5412
9454
9224
8433
7196
3656
8817
3689
3561
8113
9582
4785
4179
204
8732
9637
2994
6479
7036
4981
5161
2535
4979
7862
8200
7798
3129
6636
4273
8974
2829
6253
5261
2373
2046
9147
7426
4522
5159
7459
7824
2529
4835
4485
353
520
8699
3298
5355
6123
3483
8270
3017
1471
4552
875
7465
6463
9285
4616
5424
8147
8637
5136
583
8993
2408
703
2370
8556
225
5083
5794
7576
2062
9568
7171
890
9228
3385
9102
5748
9199
2083
6918
5040
5408
1592
7925
782
6153
1604
4282
1794
5177
5709
99
911
129
7257
3421
1312
4131
9322
4198
8580
9961
4347
19
4977
6007
4029
2433
5055
8051
2867
8009
7233
1212
9392
9945
4251
1908
7573
7997
6496
593
7136
6762
6143
2185
5612
4956
6761
2606
6822
1222
2582
6653
178
5199
3985
4560
2728
6142
902
2003
1163
5188
3864
1091
4149
1528
3140
7903
6299
7217
94
5526
3860
108
1238
219
8745
9501
4727
2318
1956
4491
1076
2822
9610
716
4714
1196
4803
7223
684
9878
6386
1523
1247
6207
1319
7540
479
3055
767
8128
991
5312
1322
1112
5898
549
1827
5394
815
8694
3161
1547
5255
7342
3036
9571
124
6451
366
4970
8191
8617
4098
3168
7386
8832
9529
1445
2559
733
1068
6997
9962
4678
4170
9541
99
6679
754
6955
8843
6242
1776
2828
3756
5418
7847
5557
2383
1043
3778
9585
1988
7040
5783
775
5647
3917
664
9525
7924
8139
4800
7210
4462
4940
6972
3808
3709
4311
3169
7151
5775
1375
3379
7147
2902
9220
74
1542
8430
4312
5619
3281
6277
2107
1125
3416
948
3167
2455
7617
8865
8191
9970
8818
5426
3703
7431
3324
8606
8850
1989
2761
9151
7732
1624
9669
9450
1014
8548
264
8029
5172
7142
3881
4268
7672
2782
4995
8436
1611
3566
335
5414
3914
392
570
6586
7052
2094
3353
3300
5418
1430
2043
7020
4001
4583
2392
5831
8803
1542
7623
4326
5557
7242
926
4048
5750
3657
3165
4669
6674
1183
2802
1837
5319
3589
4464
6266
4254
4570
2363
49
1360
5532
4900
372
4239
3580
7121
7897
4454
5929
8471
6904
6368
1919
4278
6952
273
6683
744
1300
9754
1104
4880
5630
8791
1192
2777
1699
4956
6239
1885
4480
1259
9183
5545
8066
698
4530
952
5161
4340
8825
4901
7345
5919
6238
5222
8430
3348
7089
9631
1256
287
320
7891
9014
8974
1843
7617
5827
8877
9466
8859
7709
4440
1650
7666
4267
9145
1776
4247
3548
2471
1746
7042
7278
887
8792
70
1415
4021
7181
7224
7420
2326
2111
3856
2927
3152
6593
2956
6610
8013
3314
495
955
4982
2596
2098
8374
6685
4430
1113
633
6127
7253
6345
8945
9756
8667
6265
2197
9535
3614
5332
3816
3607
3630
7215
3518
8138
6803
9174
8832
1326
1758
1620
2668
4232
614
6981
7452
2081
5208
2383
3389
4000
8106
1380
8251
8769
4905
984
8787
9088
7171
1594
9284
7127
5990
9061
1142
9656
4544
101
8409
1947
4396
4536
8140
5806
4244
430
1167
8579
1768
1090
8426
6819
8914
6122
323
370
8463
2242
1789
96
5035
3394
3669
5213
6854
3863
1854
4228
5498
2555
9194
6872
9662
1373
1628
3107
5506
5703
9212
9232
548
449
4744
493
283
743
7567
4154
6680
2496
7768
6950
5566
4278
6499
6096
5521
8701
1406
3557
4359
8388
2284
9158
542
8940
972
9329
5920
8862
1242
4715
3107
4334
8967
1742
5469
4907
223
314
241
4745
5119
2276
5578
2868
8165
2981
516
4989
1735
1412
2732
9019
7828
2621
2781
6079
4716
9973
5035
8945
9306
3657
4957
259
3095
6230
9527
3554
9424
5589
2633
1139
2438
697
109
4280
3606
5621
9677
2708
9961
3015
9536
2485
9331
9032
5602
3523
1723
7848
1450
624
2779
5454
6908
4853
4744
9205
961
5198
2752
1709
2116
4080
9389
5091
4704
4040
8488
4388
2741
7131
9882
6921
3898
2974
464
7819
4916
6242
3300
590
6346
9381
5790
5598
8898
1839
9891
8629
5876
2713
2291
6345
6179
9823
73
5351
183
4498
7888
6848
6435
8052
5967
9408
562
2870
4368
8257
9035
8303
7813
664
9505
9166
7158
3495
6339
2515
8119
815
4628
6627
5191
6554
8510
4584
8899
9645
9921
3746
7474
6831
2062
1517
9848
1358
7784
7291
5461
4171
6883
222
7805
7881
7838
2565
2821
2791
8948
8732
359
8562
973
912
6716
4728
8451
3141
8953
8176
9622
7032
7188
6002
5589
4050
9318
7645
7733
1135
3747
1132
8714
8815
9619
4401
6411
3470
768
4190
2088
8370
9139
1789
3719
1274
5808
7039
2968
9936
2865
9440
9597
681
7426
7936
236
9382
9822
9017
9392
8616
1617
6153
9320
9552
5516
2246
1970
2238
8472
781
608
3318
1321
668
874
5946
3139
4389
1109
2683
6179
8989
9532
8502
7718
4690
1564
7682
8454
6480
3960
5307
3164
9885
3746
1414
8293
3312
8965
3364
2821
5856
5175
9955
3351
1263
6301
8977
1671
5857
969
8466
3225
688
5772
715
7917
5872
5058
7280
447
8187
2749
2682
5983
1318
5504
4243
8402
1874
8078
5642
2548
3235
1120
2122
9002
3661
8863
6025
9709
4642
9152
2350
5483
474
1093
5356
1872
219
6224
8902
8172
8819
7586
5155
5478
4978
7282
8597
3570
9598
7245
4834
3165
87
9767
6609
9614
2608
4077
2646
6460
6517
2737
8475
2457
2622
6973
2203
3614
9664
3169
2393
2628
1473
3715
9622
1674
618
4162
8103
919
3053
5185
8835
4393
2252
2278
1127
6844
646
8263
5088
89
771
3736
3666
5040
8496
8377
9184
6037
5909
1691
5950
7440
2041
5196
7504
8516
5425
9328
4312
1582
3717
7423
5337
96
2065
5987
4788
7908
3743
5194
3577
8278
3658
6059
3537
1388
7814
1023
1299
2082
9502
2870
7848
5349
6102
2803
9283
5683
8708
2283
4048
7828
487
4817
2000
708
8677
3239
1087
3321
9432
5249
8113
1277
4346
4978
1091
5284
2408
1163
2032
8411
1402
3152
667
7210
8302
4429
1549
2889
9103
9558
9268
2672
4694
4580
9112
8169
876
2728
3375
7150
7443
7059
6760
7466
3359
9090
7823
7009
2482
7855
7268
1599
7059
6939
8026
3482
4241
7984
6535
6694
4265
7930
9410
2005
7606
3810
4759
3356
2412
3335
2841
9749
2841
1661
6434
1411
3532
4776
7330
6714
5372
7741
1712
6809
2978
1674
3805
8228
4854
6795
4165
9807
3066
129
6251
9204
441
5513
2492
6013
9818
466
8991
3008
1657
9148
6197
4416
3452
3170
1405
284
6806
2323
7799
8973
5799
5435
3877
5601
3303
7507
6588
2893
295
3055
1256
2256
6877
7128
1487
7184
2731
4889
2624
8097
9026
7817
3048
7585
3408
9617
8650
7713
4664
7735
7116
6478
3863
7015
338
8848
4354
482
5223
8884
3853
8489
5436
3376
8061
1554
9220
4144
6718
4073
1311
5708
9818
5822
211
7378
3836
5637
5572
3968
5237
7020
4315
7345
1291
8518
8232
1795
6266
2703
299
9781
4450
6308
1697
1126
119
673
6623
7828
8593
6025
7377
8802
1777
5324
7930
3663
6270
3391
191
2359
1989
4906
3529
7912
4548
439
4780
2846
5177
3171
2897
5961
7804
195
9698
5034
4167
1377
5759
2771
4243
5629
8375
7852
1154
9138
6759
280
6788
2638
8141
412
6813
5082
7289
4012
1523
9259
1113
1478
1982
806
9490
7986
9338
5853
3201
2714
8817
4095
9981
9529
8949
3481
65
8584
839
9890
3349
8089
1955
204
1277
8234
3795
9972
7940
4660
3095
7527
6493
7231
1728
4849
8983
909
1374
1720
9926
9484
5191
3815
6603
9619
209
7231
1898
2226
1002
1661
8746
535
7276
1940
8773
9384
5471
3009
1555
8231
7212
6452
5049
1205
5490
7760
2256
1078
2836
2178
3905
485
4428
3611
2065
2944
3060
5419
4987
8250
2222
4140
9174
1700
8141
7189
731
4240
1585
3414
4355
1142
5454
988
5001
55
4759
620
4206
5446
1442
3269
334
5303
7697
669
9595
7732
7900
3812
2589
9617
1123
9275
9335
6858
3272
5746
4281
5874
355
3470
1620
9036
2117
7426
388
2482
8327
1031
8282
3376
8404
907
2928
5083
8701
4810
9381
2960
809
4243
3085
518
8511
424
8191
5537
670
7322
2185
8412
2228
8295
9111
460
5774
3475
5301
8230
1673
3518
3535
949
5624
1591
3773
2153
8694
9521
1232
3291
6374
5949
5455
6621
8
4001
7261
7071
6064
3505
3944
7911
6137
8121
6978
3050
3354
858
606
9580
8845
2426
4151
7768
5394
5617
5684
2141
3985
5472
9748
6504
3009
9408
7262
7817
9185
3633
1412
8661
3855
2228
9395
5725
8270
3067
6185
2210
6712
393
3177
5340
6846
7323
1497
6267
2589
2791
7049
8593
5950
6550
1983
3425
780
2677
5122
3460
3199
6804
2146
5927
567
4726
4820
4375
3321
415
7419
2297
1704
9587
7623
7345
2518
898
8659
3518
9367
645
9194
96
3542
8376
7613
359
1723
230
7691
112
924
4010
3393
5965
793
5001
1550
5915
8254
4387
2510
298
9754
2717
515
9449
1931
9365
7486
5533
2365
5143
6227
9893
8301
9339
1600
4022
2670
4299
1139
1789
3593
407
9805
2909
5641
1787
7061
2807
8560
8416
8346
2014
1931
3425
7116
9015
2260
5361
8127
4078
2400
3903
7399
8003
1862
4114
9360
8973
569
8706
7130
2705
7924
9962
7542
5982
3681
3011
8588
1285
7022
9927
3288
745
5519
9799
609
918
6177
3346
1078
5974
6660
1901
1950
5843
5967
9692
4430
7545
308
5204
3299
2515
1761
2104
7565
55
4394
2754
9220
7225
4968
7608
6086
8465
3090
1968
3827
4028
8731
7505
1715
4906
3406
9690
6471
3343
4973
3904
8628
2275
5036
2317
6233
4058
2207
874
1430
8703
4121
719
6509
4518
6037
1188
7297
9509
4076
2185
3480
216
6737
2147
7342
5729
9166
4112
4749
8568
862
6446
4728
840
8987
6674
6945
3604
6258
6574
9574
9763
4505
4188
3568
5933
2432
3712
3200
6751
8841
7414
6882
5837
657
4605
6730
1273
8438
1507
128
9837
752
2403
1617
3484
2798
6849
8860
3596
3938
9921
2110
3387
3443
2489
2682
6493
3687
6314
2210
289
5254
4423
1183
5732
8985
640
2155
1655
5878
3431
356
342
6907
8279
1969
2953
1338
9698
8285
7896
3934
8691
2115
2604
8529
3957
1404
9337
7923
5496
3798
8625
7762
7368
5096
9720
5136
2337
3944
6078
1008
4865
4943
5263
9243
517
2405
6924
4023
9200
7395
9527
1731
6878
1424
6372
3007
5400
1164
4095
5607
2901
9904
2344
8958
7881
3126
1590
6824
8507
7512
7145
5403
4931
5014
1395
343
6529
6161
2939
7645
7788
9705
919
249
6336
8917
5137
4212
4055
8368
7754
5813
7588
8853
302
3660
7660
2294
597
7953
7587
2904
7661
2396
102
5661
9261
2964
8216
8257
5835
1688
195
8054
6650
2970
937
1316
8891
4523
2059
8008
8028
4982
811
1772
8302
5478
3555
1374
5456
2999
3042
6837
9939
9273
9916
796
7734
46
8001
3158
7677
6156
9787
5080
8696
9583
3214
6470
7723
4805
3407
9757
9227
8182
3289
1508
277
5888
5156
2615
837
3895
1264
7242
7612
1966
5190
507
1153
7223
7346
4944
187
1891
7399
6201
4168
4113
3516
9148
4881
360
3416
6578
627
2867
4985
4039
1972
5803
4883
5971
6358
9414
1973
302
9934
2258
8732
910
8946
7834
7784
9972
9679
3397
2681
5089
5564
5554
1659
9333
2330
9373
686
5830
7337
5135
7383
2395
7128
9649
569
5831
8077
7058
1117
9994
8590
7473
8553
6502
7747
429
4441
2046
4490
4162
7927
1656
3504
1009
1074
3008
8800
3859
1569
2862
3671
8492
8257
3071
6160
1933
556
245
2491
7439
6271
132
6999
2679
3583
5016
6017
8783
2061
82
4909
4481
4418
2525
1983
1322
5456
5452
354
3111
7124
7127
9015
5110
8954
4943
7339
6318
1275
2656
3027
1166
4540
8905
2127
5381
1879
4773
1159
4404
3533
8273
5611
1778
1257
4012
6109
9212
7920
7026
3434
9646
2586
780
6196
9585
4163
687
476
7193
7336
6124
9035
8227
2960
5921
8787
2720
1342
4537
9143
1540
919
8755
587
3426
6712
7607
2349
9908
2645
1469
427
7654
9324
9782
2354
5196
4195
692
3103
3748
4120
59
7287
9877
1392
1746
6449
1171
2928
5867
6619
4695
8972
6773
580
2073
2046
7946
1276
4287
9029
6684
7713
3945
9310
7503
2307
2672
9755
9476
9153
6543
2861
9447
5966
3022
7933
9946
8546
8740
6361
7972
5542
8634
1168
8349
3009
3462
7863
3295
2807
4505
8338
8035
6230
1393
2075
828
4424
1442
9220
4606
143
6585
8238
6579
1162
7102
6804
1628
4282
9658
8347
5064
286
892
8230
446
4408
6754
2938
8528
3954
2132
2854
4132
4523
4889
4177
8759
8990
3400
8414
8106
8855
6893
8462
5278
5866
3476
8763
2478
2935
1585
3287
6209
7266
6788
9149
3633
5355
7348
5563
603
9063
8789
7529
5125
4307
9783
1160
3519
9080
9167
2881
384
5518
6580
7862
7632
1467
7310
3995
2307
668
5300
6486
7686
7057
6931
4717
7255
7899
2209
7379
6541
2560
9281
4135
3495
8518
2833
2023
4152
3925
6845
2664
6637
6490
7414
1976
3218
1740
1958
7517
7091
9833
6903
9873
7835
9013
7233
3546
7094
5502
7682
9715
3908
4196
7232
7912
7345
1875
5656
6174
2634
4781
3279
9576
5775
5439
2901
5134
832
9346
5848
7080
3507
778
2512
205
4414
8386
1416
596
5541
5459
9822
2428
3787
6790
3222
6718
6191
3932
668
2902
2468
3299
7822
6979
1832
7025
9851
553
2717
4823
1868
3566
5980
6153
5455
9789
4451
5944
6022
8200
4254
3840
7212
5240
6263
6472
5417
2684
9251
4639
9538
3332
9796
2395
8584
2061
7887
3080
2449
2920
1293
8082
9248
3889
6223
7720
5977
9689
6599
92
7924
9591
9332
2912
6286
1572
8400
5431
2709
6360
6240
2394
4131
4894
6993
9617
1203
604
2474
1294
8833
3478
8385
2399
7949
6399
5273
5655
3426
5440
5986
1490
4336
4923
8977
1079
9152
4891
4715
7156
348
3367
656
4604
9958
8283
8781
3016
97
4267
8503
6392
163
7621
6951
910
5544
8775
8039
357
961
5261
1573
171
5322
9803
3661
5309
3914
7536
162
4178
8074
3547
5577
737
2120
6922
823
9516
2226
359
4674
3817
2193
4974
5309
5607
6603
8435
339
6755
2740
770
6004
5164
8806
6308
8789
6067
7494
2068
5609
8322
760
2614
1947
7884
3759
8924
832
5779
3355
4111
9393
5913
9341
1987
3870
8829
4580
5427
8440
1116
3624
193
7963
6611
8079
6520
9871
4745
954
5097
5814
3442
1538
6304
9368
8812
7004
1559
2174
1578
6809
3456
7186
605
1269
7020
4362
7258
6196
7837
1104
345
1370
4081
7022
382
1816
8542
183
3597
7318
3627
9907
670
7439
7026
9393
2522
6416
8211
9971
5665
4734
6303
7621
2583
1947
7930
1560
8414
8325
9684
4122
3802
1332
3520
1002
5202
6577
5031
935
8168
1897
3894
4367
6162
7526
3010
1316
7303
4937
7846
9701
4139
1860
312
6718
6979
1229
2162
7515
9647
7378
1323
7363
7598
3654
845
5819
2264
1823
4219
3937
2226
5107
2697
8500
1336
3528
9961
463
6294
2341
6970
8310
1319
1756
5168
868
5555
8925
9333
8282
9631
1186
2345
4307
1409
2971
2852
7844
7352
7424
3439
6764
5193
7794
1244
2416
5622
2976
5206
8980
5534
6172
4099
7805
3107
5594
7359
3246
5378
1373
6324
3151
2362
3390
6977
4092
7782
604
6513
8751
5455
3666
5152
423
2080
9057
1485
7515
1702
4840
4347
9132
4527
5202
6714
1366
2862
3404
7450
2733
8
512
4865
6370
3647
319
1984
6053
3936
9259
7186
2875
7895
3766
5471
9519
5914
6566
4953
9453
3259
7657
412
9084
9288
5370
728
1946
9769
7839
9858
5325
3175
5452
1625
1379
102
381
7065
6762
6076
221
9330
7062
1935
8877
5187
4921
2673
9392
4098
3634
5216
174
5499
1199
7909
8233
2450
3373
9704
433
5130
8054
4961
6549
796
7535
643
5942
7761
9570
6195
3056
9717
3024
2908
5601
3293
8928
8716
3319
6128
3177
6481
4476
4936
2828
8613
1914
3044
3958
8607
357
4713
5403
485
1976
9186
9343
483
7717
847
6649
1381
7804
3147
2195
8829
5997
3013
2933
716
8675
9347
9403
5194
1625
3924
9598
306
4546
5495
2593
8351
5685
8235
8218
1082
6796
3803
8182
7626
1649
2237
3530
5625
9680
657
3079
7519
92
323
7592
8090
651
1990
4809
6470
9794
6691
1206
5639
223
4072
7360
5109
7148
3278
5131
7984
4533
1945
6537
1857
8296
7385
6147
4129
6268
235
1109
6223
888
4977
5490
7931
2123
3565
8547
2643
4898
8140
9708
6565
7444
6289
6630
226
4399
7653
6470
8503
1244
3788
4722
6243
4718
4182
378
108
7220
38
996
3725
1876
4038
6305
2441
8972
8687
4403
6007
3735
8001
312
2391
63
7369
2669
3584
4769
4177
679
4714
2093
7472
116
1121
8859
8361
4084
4101
6452
4095
1587
4974
7042
7896
4474
8862
7914
3417
1278
4065
9617
7483
4668
338
735
7206
7741
9475
4526
7945
3232
4633
424
6690
8883
595
6431
1392
1650
5775
6843
531
3215
8199
3379
8796
9360
1906
6811
4103
6161
7272
504
8421
6659
8597
6860
9828
2712
4969
2641
6110
8047
5902
9328
777
209
1529
302
887
1029
8234
7432
2272
7552
4526
5897
1866
7919
8688
7505
8714
9612
9276
9641
4927
690
1885
9039
5364
8151
782
7039
155
1408
1968
5723
7295
3025
5044
2378
3498
3280
4825
3114
259
9967
104
5130
8638
9864
6160
1131
678
3740
9666
8693
7542
2485
9504
2012
4499
7937
4647
3367
670
8376
768
6919
7124
5235
506
7989
318
4609
8440
6837
9165
4376
717
7149
3079
5333
1038
5943
5223
2681
9214
3378
9887
2369
5894
8110
5443
5362
7182
6247
4626
1705
5906
9696
2048
5448
2029
2776
4781
914
3332
4301
5603
595
8909
6070
110
5052
2236
7638
8212
5573
7620
1601
7811
1070
3691
3201
3393
1731
258
3040
5152
3261
340
1873
4845
7207
7461
2069
3063
4819
9412
1155
8844
4195
3597
9064
6636
3006
5798
2176
7483
2042
3754
4091
1041
7998
9285
5139
2494
7469
7871
106
3811
7937
2559
6379
1872
5712
9881
2778
6982
5223
9063
2694
4024
8857
2197
3866
5068
1598
2331
1101
6684
173
8404
7537
7336
2047
877
4708
304
5724
9510
1559
5371
67
5266
7831
8153
7054
1596
7778
9400
9336
6441
6054
7860
1221
5237
8789
9353
9323
6931
9367
1614
6993
9518
218
9134
4878
9033
9072
4753
8471
6023
533
5085
2344
6563
1600
4970
9941
631
2789
2120
7219
9285
4913
6865
8245
3481
5226
3495
927
1622
5656
9060
1449
9948
142
2704
6716
9742
7722
3611
5111
7992
2938
8465
7235
3626
5386
9949
9927
9724
5763
6288
8829
3224
6686
8057
7054
7543
2667
2582
77
282
5205
8132
9885
7692
5679
9796
4634
9971
921
6450
3581
6597
3720
3558
900
8894
3290
9648
6141
7824
8772
5295
3559
8581
2222
2173
7296
12
6206
6312
4526
6078
5123
4108
4021
8644
8696
1791
3352
5728
655
9102
3955
6989
5622
5718
9602
8745
2388
4643
515
4077
2388
177
2276
9682
8005
9384
5995
67
6549
5017
3781
1395
2219
4761
1432
1833
191
6353
8523
2609
4077
627
4544
4154
443
4887
8629
4680
1801
7120
9512
4331
2569
7511
1865
6662
845
7505
4904
597
2528
8190
9263
271
3319
9210
8528
7168
8430
6577
2524
8862
9455
2775
507
1289
2797
5366
3707
7005
4266
959
8356
120
46
9823
2271
9770
5079
2710
358
7822
6105
5509
6982
3325
8091
9245
6028
5685
9579
2641
2750
941
4620
1947
4946
667
6374
8091
4916
1010
212
4324
7758
165
2206
8481
6035
6178
2270
2744
5631
3408
9889
363
2693
5191
4368
3175
6944
2288
842
5955
2402
1563
7915
3659
2516
7004
2702
5411
3108
5656
4331
4751
3149
4364
7476
9101
341
9287
3400
2636
5784
9092
7138
5879
9570
4449
5966
2159
7055
992
6092
5814
3780
264
1637
9506
5525
3333
2400
8359
8819
4751
4647
6735
6402
289
2209
9442
1552
533
3570
2910
5023
3795
4276
3443
8370
6057
3014
9050
7889
2673
4009
8545
4073
6455
7989
6623
2539
9372
8945
6433
3690
634
4094
1817
67
2178
71
9813
2256
3693
9197
303
6551
3247
5895
3730
96
6280
4768
9725
2198
5307
8711
9160
3650
4983
7527
9648
9486
2390
4928
9867
4381
358
4584
1175
4095
2430
3919
5969
802
1695
7712
972
4920
2100
2275
226
1166
128
4937
6933
1940
6715
2895
5507
6851
4182
105
5188
3257
579
813
4406
8984
4367
3580
707
5071
5601
193
4509
3344
5919
9753
6212
887
8552
9382
5258
1079
1279
9507
6623
8756
9808
3464
4916
5280
6431
8321
8777
7814
8923
6201
8586
5944
7685
3169
8626
7936
4893
5797
783
8381
8009
3868
663
8768
1466
1388
8513
2579
4518
7060
6788
6947
332
9669
3354
3591
1215
3472
4342
2788
7565
3584
3505
5473
3591
1635
5539
221
1155
7486
9289
3799
4178
3710
3030
6286
9985
5674
8068
4322
666
1598
8801
8956
7110
3738
7073
7787
677
3990
6165
4585
2681
4611
5100
3463
9804
7528
7044
8774
4371
3746
6571
6411
2013
7731
9289
6933
5654
342
3915
6043
4009
7865
1254
3343
4786
4015
6762
6002
7673
6399
3349
9993
9841
8841
8923
7908
7162
6241
8811
8988
7658
9186
6624
3998
9782
1387
8406
4816
7042
4228
3983
6222
2235
9169
6292
5266
9073
592
4196
1799
6337
8757
6773
2280
9888
10000
