7330
6683
6304
2912
3108
1473
9058
2917
4943
3417
5132
1984
8484
2738
661
3763
8625
9239
3132
1053
9288
4488
950
8102
8795
4107
8205
4745
4973
5025
9808
8949
6635
6977
1696
7035
7058
1020
1882
7607
753
369
706
6055
6893
504
2885
1389
1564
6128
9677
6109
6235
2321
6806
2854
1711
6037
2663
8625
5228
1919
1741
8548
3354
3386
261
6319
4829
5865
4525
7773
5645
4153
7624
7319
3275
9967
6868
4389
8197
8915
2513
8517
8651
8388
8190
7148
8889
9129
4838
9894
2126
3630
2843
6575
6809
3917
1620
4084
8934
9770
1928
8910
3660
5979
3827
7939
6670
3840
2391
102
9459
7778
4031
5335
2962
2720
8599
5379
837
1622
6329
3005
7101
5446
4091
2394
2763
9779
2469
3623
2696
3290
3694
8450
7014
3256
636
2932
922
2519
8710
4829
3222
379
5833
142
6427
7204
357
3715
791
8799
3308
3375
478
1962
9169
5723
2535
7069
8976
4418
8415
7017
544
8549
3337
4407
3269
9517
974
456
9143
9745
9656
9798
7374
5503
1557
5080
7318
9122
8204
4052
3291
2983
4020
9708
5294
8793
4613
962
1670
861
8045
7339
3269
1369
5403
6183
3856
8953
1669
5038
8141
9303
9090
4977
7105
7946
3042
2945
73
901
4733
2447
4402
8461
5975
2273
6552
1008
8759
2403
2833
3480
6365
4690
4184
6861
3372
3482
6956
895
9050
7965
879
2144
2376
3659
6115
5427
7173
5258
3654
4724
2724
6788
7143
1692
8630
7934
9722
6098
2628
7293
6398
2655
6659
4301
1089
3047
9524
1657
7581
230
4155
9125
5327
4505
3747
7827
4276
7303
3765
1335
7740
9160
6200
6182
8661
2908
8351
9785
2611
1784
873
8179
335
4837
8883
9452
3719
8804
5496
1333
1705
6430
9321
2969
6832
6127
6180
1642
8880
6803
583
4858
9361
4715
4346
7103
9513
6280
8143
8358
4880
1930
6760
8446
1546
1276
340
7226
2701
9150
2016
5724
9288
5394
6978
7396
5204
8665
9259
1883
5788
6000
267
5873
8104
5363
7493
6957
2940
8021
2688
6756
1377
1206
6279
9005
3260
9233
8859
6758
1009
3022
1143
445
9789
3793
952
5119
4287
6593
9531
890
3069
3277
9749
5293
3818
2576
5611
145
6628
6975
5902
8277
7967
2244
4752
7481
4922
5708
8463
9987
7917
3563
1001
5825
189
5919
259
7552
4048
614
3374
1997
7144
3302
2187
1899
6819
1864
9289
6630
6978
7716
980
6541
9859
5295
5951
9905
4588
3656
7544
4914
5457
904
3016
1725
5502
3030
5409
1178
5148
3568
2352
7476
1426
9499
1379
1844
593
1800
3223
2999
5873
6144
2945
8117
2441
391
3702
4901
3816
709
9541
1344
7374
7448
1652
4849
1799
5191
7202
6435
6031
8841
1083
8978
7465
9015
8693
653
7006
5561
2204
6028
9950
7580
3697
7653
4605
1998
6000
377
5061
400
6109
9147
578
5651
6649
8563
1720
5626
8026
9084
2498
1272
7594
466
8593
195
2491
7725
4003
4955
9603
8748
2359
7362
9563
5496
4582
6179
1621
2714
1562
5876
2792
9004
9103
8308
7755
5203
2495
7560
5658
4094
9788
561
6186
3660
6060
2548
47
3338
5818
6959
8357
9007
7038
3939
1345
7828
8266
250
9232
8457
9742
6127
7204
5662
558
1335
1967
896
6463
3567
9561
2013
7162
7180
2794
5977
7681
9222
1977
8147
5677
2748
4456
537
5479
4468
6868
9283
50
4939
9002
8500
4097
4703
9695
3685
5087
9051
3266
2870
4083
7413
9686
7848
4977
775
2850
964
8979
1973
9162
5187
1003
9232
2931
6517
5991
2912
6031
8085
6154
9041
6715
4782
4586
932
6528
5706
6819
1962
4852
9269
9459
8404
7766
2441
4271
1083
1641
1244
6826
8634
2167
4377
1121
3085
6335
5636
5475
632
8353
3664
453
6582
378
9471
6528
3646
5555
3179
7826
7048
3881
1471
8353
8229
1118
6346
8840
1333
7175
3954
5585
3091
3170
9519
7463
7284
5737
662
3686
9484
3023
6792
2810
6472
9337
6655
2992
7399
4386
9631
4578
538
8702
8898
8705
311
8943
6206
9822
4155
5536
8681
5755
7746
385
7802
6275
136
4200
9501
1
7415
1452
2202
9905
4667
5884
6532
9692
1188
1067
6414
6896
3201
8593
6332
3648
1647
1121
3630
2771
9993
8754
7907
5111
8494
4982
1805
3821
6815
2774
8765
2691
6559
2316
3723
8564
8824
9372
2099
2375
9672
7253
956
9412
8125
5997
3731
7030
7155
9512
6570
7243
8010
5157
9943
2348
2191
518
3994
4085
3395
8980
9836
682
3832
9108
1901
1592
5461
2823
8344
6719
6896
3878
7515
5516
1002
1257
8543
1426
6522
1755
3199
8872
9492
2239
4373
3222
6625
4852
3730
8980
3381
7795
7429
7829
4027
188
4128
6098
9614
2042
3931
722
2510
9336
429
3820
2910
9857
516
8659
3549
7568
8285
3953
3766
2018
9989
9197
2987
4576
6768
1053
6744
5140
659
9678
5414
1331
7269
4331
6999
7227
5392
9596
490
147
9870
7107
5596
2152
9020
2818
7995
7543
2071
6520
6600
8899
5235
8582
843
1937
7257
8688
1456
3865
6601
2739
7828
772
2788
7007
8665
7079
3815
3158
356
4138
92
3787
9263
5610
2855
5773
9924
4449
1650
7927
1113
34
1143
176
5601
4256
2247
3812
7518
2239
6360
6248
3273
6761
4377
9138
8153
5417
4037
5726
898
6111
188
1856
2846
9544
2570
5195
6550
7028
4844
8928
1186
8186
6775
9412
8486
5860
8686
2099
3497
4930
3631
6439
9011
7608
8081
8364
1160
286
6329
8507
6393
6020
7339
5344
6802
2351
5274
5072
1584
6295
6579
4257
7367
7085
7160
6996
9006
2500
2925
5678
5561
6497
5767
3310
3162
4234
4926
5782
7688
5569
589
4494
5327
9643
2566
3277
8390
1246
1952
8728
7079
4337
7761
9708
5281
9295
3735
54
9929
8276
2719
8335
9005
7372
7339
9889
2797
5215
6046
9279
6711
5101
3028
5854
1613
1760
8983
1130
9454
4503
7281
4340
7775
5611
6658
1715
6537
6574
7285
5770
4747
5062
1729
3220
2294
2351
6207
4005
4537
4339
308
9357
3328
9276
5363
3827
8316
1821
2549
4778
6709
6185
1940
2954
7944
743
2771
9432
2138
2731
3380
7534
7652
4430
6524
3051
3587
1576
2075
2553
7645
648
4443
7466
8421
4162
6504
1110
3873
2124
5317
6958
4521
3385
7430
9004
740
2829
3214
9315
8389
8993
317
3579
6004
2072
6081
2819
9776
4024
7567
8262
9624
987
5668
6836
817
3109
6744
6758
808
8485
1190
6217
189
5961
3385
3332
38
6229
1591
2197
5300
1864
9558
8126
5301
4723
3791
4994
8018
3492
1782
8961
4310
5059
6816
5803
1943
863
4449
3571
6963
3417
4173
8374
1735
8770
7386
8700
4788
7873
9372
2874
7504
3486
8671
5027
6652
9590
1959
7230
9767
7084
6361
9353
2473
2967
3964
3641
2984
178
5248
7989
9207
1800
9120
470
8179
6409
7278
7812
5851
1050
9769
2183
7655
4499
6767
3909
6746
6271
8805
2569
7307
6198
4056
5273
4908
5266
6556
8894
4543
924
3721
2484
9665
9055
4992
7223
2328
447
5982
3831
5354
1719
4118
1581
2345
9407
2441
8813
325
1180
7964
2146
2787
8
9788
464
8031
5512
34
200
8800
1700
7588
452
4438
1821
603
9989
6058
9164
8811
3395
8528
7295
748
223
504
4433
4213
9338
5151
4472
496
398
9755
1459
4215
5839
1978
5310
963
9631
4167
3947
4400
3606
4819
1125
2878
8208
8093
9787
3285
2134
8061
7958
6365
4549
4316
7887
3464
4284
9480
9463
9379
2763
7186
5743
9795
1252
1197
1863
4658
8512
2448
8556
730
1871
1018
8056
7601
3368
4295
3224
1443
2693
936
447
9926
357
2622
3022
9878
7797
2031
4562
6514
5887
6021
1294
9354
9764
7545
8020
5310
5759
8498
4983
3858
5771
8381
1943
2668
5454
442
1304
4659
5241
7784
4361
9014
7388
6828
3396
9379
8006
4456
7685
2229
334
8197
3269
7143
4411
5885
4826
8616
8707
2380
2857
5963
1327
6111
1024
3838
1906
7513
6509
958
497
4723
953
8719
6402
9318
738
4574
8169
6315
3185
7281
5784
8181
9537
2412
7470
2181
6572
6903
6439
4023
6093
814
7447
8489
5623
2988
9071
9473
4216
4827
5240
7710
4436
3013
8761
4358
5304
7691
318
2541
1275
7352
8743
7006
9164
5466
2230
4091
8342
6756
5614
381
9503
2956
5819
8594
3821
8862
6164
3552
7426
9532
334
9382
5776
8626
8508
1503
8739
6015
1395
3413
9951
60
2744
8796
3398
6235
7257
4069
6059
9145
8805
5091
7909
9403
3304
4523
9635
322
1716
3032
4008
1932
1239
8404
8996
1425
6948
1512
9442
9835
1903
7028
9414
4453
1057
9811
9160
5335
3161
4952
9042
2053
5318
631
7750
3824
6826
8116
3684
2105
2534
2529
6431
9792
1033
1314
9969
5290
9725
4748
424
2874
7038
4271
8998
3016
1890
9968
5026
7635
1867
8065
5045
5599
4532
2979
1199
3235
771
6170
6370
3069
5155
5775
3999
1600
5928
6869
7720
3488
6408
2091
9670
5236
344
6285
6591
6170
6096
6885
9715
8319
8378
3808
7815
9672
1723
8770
2769
7187
6870
4166
3548
6949
9798
5902
7591
8879
3287
2890
8226
2557
2565
8346
3000
8844
9843
4441
558
9276
7377
2407
3074
1454
5046
4760
7133
4049
6397
4954
8428
9457
6603
2486
4701
5607
6825
8227
6895
1004
2143
5608
713
8676
4346
8149
9432
5376
6690
2811
4168
2137
4991
1641
9567
1050
8339
1267
1367
1031
3119
957
7210
2236
6080
5133
3614
4785
5692
5533
147
2513
6214
1511
6454
6545
5562
4378
9043
6707
6303
3138
2516
996
8955
4491
4258
4628
8106
9544
2523
564
4842
3334
5322
2818
3442
955
1546
2358
6401
5852
6363
2925
9425
1688
70
762
7267
9059
3327
7849
2017
2305
1945
3045
7750
9690
1301
9284
9350
2266
3788
7866
8739
2934
2763
2793
8751
7364
2908
9081
3465
2750
78
9053
3920
8676
3330
9701
9836
6774
8061
2390
1218
2307
1975
3419
8529
1331
4922
249
6490
1667
9582
3559
4533
4552
2428
9731
6380
6556
3431
1847
2352
8108
8583
9817
585
5804
1443
1885
7547
572
8663
431
3992
2722
9719
4705
9817
7905
2909
1962
130
5133
8108
6289
5325
9090
1723
1375
9909
4234
846
9436
8448
7409
1660
3560
2063
9040
1865
4867
5657
375
8055
9030
4261
5680
6815
8940
6722
3831
2598
1626
6330
3301
6397
7858
927
8217
6678
2332
9518
826
8052
767
8507
7515
3819
7863
8269
1337
5593
6606
9989
3885
7025
5138
3433
3338
8846
2113
8636
3488
9356
5277
8368
652
7864
852
3689
1522
8552
3257
1875
5205
8795
5651
4610
6957
9032
1859
4413
9477
967
9342
9005
9995
7086
1039
6538
7845
7262
1169
9440
7752
7572
6347
1013
8605
2346
8760
6832
6178
2951
2547
2534
915
5837
8041
617
8713
7974
1047
1514
3420
9965
5974
8391
4695
5838
2290
874
3816
3807
3508
214
3025
4139
6731
7289
1120
8662
8611
5276
9096
1437
530
824
4887
1635
1786
1125
5495
7755
4605
9418
8145
7004
8940
8134
9484
4831
8161
7150
3303
7442
8990
4434
2774
4444
346
7743
2786
9654
6093
8972
1586
5638
6153
7242
8660
1509
8882
2918
7528
4159
5208
2316
8000
240
1589
2104
2272
9924
4573
3126
3263
3769
4436
5684
1555
851
9201
2215
9418
9739
3187
8728
6513
3861
6171
3349
2103
9322
226
8931
2839
6379
1340
6762
3545
5364
2061
133
793
4149
9540
9758
5532
6952
629
7858
1558
3690
1960
4103
1159
4959
8287
4545
7957
201
6840
4156
9635
5649
8862
4694
34
4252
2108
2190
900
1904
9662
2597
8511
3070
1103
9840
9295
4145
1817
7865
1628
4743
5003
7131
8066
5526
8831
6442
3368
6156
8100
3024
8949
8453
5740
7296
3584
8000
4559
3932
3588
2020
3744
7492
3031
2646
7778
9145
6053
2415
7712
837
8810
3227
5994
4617
8214
875
6428
7789
8231
4735
272
9050
2226
6259
7964
6835
1612
460
3492
8734
6882
1807
5079
18
7004
9590
1486
69
7100
8162
7999
7828
2371
4287
9947
1241
8288
7209
4482
1137
3216
7073
3243
6966
9861
3825
9546
377
6167
1827
3773
2777
4652
5092
9738
4658
1534
4232
3001
7776
3487
9048
9329
6027
342
9974
7786
7313
6677
7551
8324
6546
3841
1537
8154
9525
6682
320
4656
8407
6017
6885
5151
2190
8708
9729
5465
9759
2094
5881
9883
8833
8500
8417
4829
1456
8547
2739
7410
5537
9075
4292
7833
2416
2630
5341
1595
2398
671
9997
3374
3786
1926
4745
9569
6072
648
6407
559
4607
6923
687
6921
2362
2622
2221
6097
4179
2136
1414
7263
285
6572
4238
2569
8819
3770
8659
2290
1566
4186
5363
9945
3208
4439
1082
984
2007
6204
9939
5244
9014
7943
1997
9071
3677
1013
8444
7709
6005
9620
9700
2390
9358
6249
6161
9394
3326
270
1230
286
3210
7677
2858
3527
1150
4167
2872
7674
4082
2084
3066
5553
5396
4166
3223
6896
426
3472
9023
4220
697
9404
7156
3009
8258
4280
847
2602
9339
3616
1478
8647
6109
5912
1024
1445
6334
4566
5625
7061
3404
5323
2757
9701
3348
7596
3200
4504
1236
6916
4275
9664
6672
8818
2680
5572
6953
1522
3645
6549
6922
5937
8114
7638
6525
6697
1182
4942
674
7223
3126
3018
1120
5123
9004
6963
6733
1644
4046
9993
6857
343
9819
9557
2209
5653
500
6329
9147
1610
9516
774
6127
4653
4256
1419
5601
2093
607
7434
740
9642
9667
5687
3933
7205
6122
9049
3253
2035
1529
8381
3800
2308
6003
5399
3152
2192
8659
7392
4045
1559
581
7628
2829
9643
4033
7231
9255
2140
8198
5256
1704
5520
4787
3794
2116
648
6550
3985
6537
212
7920
7054
483
892
9821
1678
3119
1746
9999
5303
622
4853
6169
2404
7054
2896
1701
7087
566
1077
2653
921
3804
7537
505
9461
38
7242
7148
2485
714
9251
7362
3701
5872
6172
9344
5367
6203
7684
5651
2094
4390
7045
5370
5960
3807
671
3254
1962
4672
6063
3145
8867
1290
2635
1059
5524
9173
3326
7996
6834
7500
2261
3727
6755
625
5192
640
7930
2179
4967
1019
8857
6667
3850
2079
9848
6406
8159
532
8482
6161
8395
2494
3710
3886
9804
5141
5343
3623
4141
3692
2259
5772
3301
977
8332
733
9435
7199
9825
4209
4183
4266
1801
6343
1742
2549
3941
2309
6636
7838
8114
8963
7234
2841
996
745
362
633
5119
8134
668
7152
809
3651
781
6030
9670
3663
4793
1857
7501
9045
8078
7303
823
4148
1050
5434
6559
1446
3124
1041
8852
8744
5820
3821
455
6897
743
1844
8711
8611
8982
5910
7731
3083
3373
4115
9070
7003
4037
1219
2905
9739
592
9272
568
9421
1554
4344
7095
7048
2548
9197
9411
7797
197
3241
1750
2213
7775
9247
4943
5141
2091
914
349
6916
8421
6638
2332
9599
1787
2583
5479
843
8389
2534
3998
9372
578
2892
1146
8976
2397
8653
5916
2435
431
248
2730
2854
6465
1714
7428
7506
4286
7828
9438
8484
2846
1542
5701
5205
1985
3364
6667
6116
4891
1157
8452
860
3589
2241
8136
9555
9877
9662
1087
2886
4332
1004
183
5228
286
1252
6874
3202
7984
826
3102
3684
6557
6166
1299
8619
7866
3018
6915
8730
6814
1897
4213
4649
7292
1154
1445
1900
1575
5492
5933
5680
3676
6866
3087
2447
3952
242
5904
7957
3074
8896
3152
5556
8356
2611
5068
4329
4424
7466
5170
3973
3196
7693
5571
2185
5224
8542
1033
747
5612
4039
3942
8547
2921
5050
8362
3278
8712
1173
6368
8749
8766
4636
3983
1366
4349
5598
7210
7654
3389
6019
888
4456
6936
3643
4389
4856
5850
8515
8571
5785
6306
1940
7765
7808
432
1815
9122
3602
122
8877
9156
9321
7932
5556
3948
2182
8854
2829
5127
8389
693
797
8529
7818
8824
5498
6167
5766
3161
7930
5067
7484
1326
1179
8411
8265
2203
8127
5426
365
8336
5270
6519
8203
3954
7870
9238
4959
7807
7851
8856
6944
6442
8659
4565
6930
4072
647
8604
3998
9768
6438
990
5426
1353
8204
6933
5600
8073
7841
7533
8039
887
6584
6873
9224
70
2803
260
7113
4673
5413
9015
2991
7389
5622
6978
2599
1353
1600
2668
1385
2497
9033
8900
9135
2237
5534
8621
1258
448
8370
1651
7571
7970
3104
2125
4536
1219
5384
509
3609
8851
9334
7236
6602
1901
3790
7266
8776
4330
1976
6154
1774
487
1105
8575
1407
9656
5874
9688
9848
5524
3861
8188
7840
223
1407
7477
125
8388
5747
7950
6532
6587
2856
9109
1894
7433
771
4938
261
5689
4993
9752
2797
5783
5984
4635
4139
6272
8723
6459
9033
7007
867
2509
9616
9015
9096
3749
3833
5454
2932
8891
7174
4377
1514
9620
3171
496
1607
4523
2903
3676
4449
5613
135
6434
4990
6671
6662
1393
9488
7065
1920
2332
6523
8183
2009
9225
2035
2187
5876
8536
1177
4365
612
4878
8490
1091
3570
9129
3194
5069
6313
1125
8210
8409
4291
2086
9983
1874
6568
3128
1093
5628
1955
1385
9219
2737
1427
4527
4091
1780
1857
7835
8725
9001
2785
5315
2479
3616
6195
7870
1208
2146
9062
6996
4199
8901
9850
2081
8413
158
3041
3046
8093
8953
318
7723
1773
5906
3033
5174
9362
9077
8287
1980
9120
2404
80
8391
8047
8008
7770
5227
9528
2345
6391
404
8876
2
7253
6051
864
1790
2689
3335
3283
5715
5808
2296
7104
391
4695
8279
6921
498
605
4879
5000
3034
1408
5694
8496
1229
4773
3646
2160
283
411
7155
8234
5341
7064
7014
1109
7513
7871
6460
6811
8153
7245
9666
6411
5101
3446
599
8048
7148
3689
5060
4407
4577
2784
3605
1221
4337
2085
1985
7659
8106
2815
8781
1276
331
6733
6967
8653
1179
7529
7320
7786
6252
8355
6731
9838
914
4438
3819
5967
2134
4879
7515
9575
4830
4409
1706
5577
2922
4127
485
6057
7485
76
4066
6007
5727
9867
4989
3787
4871
517
7907
8395
4441
5167
3938
9658
8926
2394
2336
8084
378
9493
8054
8235
7070
248
3689
3234
47
8507
8235
8283
4126
1158
3087
7916
3696
7999
7827
5132
6532
1433
4465
509
776
5902
9015
5939
1201
5567
3540
721
934
8843
140
7413
3936
114
764
1042
1683
2161
3151
8087
4765
7715
3744
967
6379
4852
2999
9692
90
8947
7147
4799
8633
3371
3182
4720
4023
2192
597
6355
1797
756
4242
9728
3805
4241
7568
6393
4658
9995
4441
6467
6675
6804
793
1082
6957
3108
4388
5401
8089
6630
2176
2341
895
9862
9877
8688
3652
9444
7734
3350
7223
2587
9681
2191
9667
373
570
5079
7084
6028
7576
8590
9664
6081
7377
2131
3214
3677
335
6170
6812
6290
6496
8734
6643
4534
5973
346
4572
4890
8024
8199
7539
6741
8970
7502
504
3335
8984
1657
1308
7034
1763
3217
580
1513
9066
4412
3601
7463
4239
9441
3909
3794
4940
709
347
3314
5503
7692
245
448
3664
255
1463
8688
4664
7853
5168
7122
8174
2308
9344
8687
9915
4626
311
7580
382
5643
5801
9632
7649
6230
8525
7405
9880
5236
3552
1281
5878
2392
6361
8838
8761
8973
912
7482
8706
1223
8754
9470
5561
199
816
4200
1121
7036
3288
9982
3839
4446
7797
6378
5861
3678
3926
8608
3391
1144
9068
7569
6607
449
6592
2537
4617
3639
8321
8777
4269
179
1480
8945
9036
3344
3394
5469
5617
1532
9487
842
1471
6335
1431
4195
6014
102
2627
5440
1905
3225
7663
2749
521
5384
842
5241
7509
5614
6455
344
108
3175
64
4516
7862
4966
5738
6719
2256
5487
8930
6410
8869
2200
8469
1639
7687
2542
4018
8324
3371
8846
7248
8731
7490
3905
6002
5809
8973
3065
727
94
7399
8347
1599
7639
6090
6357
2935
641
8482
4488
8687
7273
1713
9293
9170
3601
5991
6809
4489
8394
6914
7066
4570
1150
644
4083
9199
4729
8591
8202
4006
6589
9087
9818
9932
6836
8458
2243
4438
7036
2794
6757
2380
1055
4802
4719
3348
8069
7168
33
62
8328
4991
241
9397
4260
5099
6024
3549
3065
9266
7019
3938
2060
1736
6491
4540
4773
8808
8639
4505
3962
9725
78
2182
7626
3595
1416
3932
5400
6686
5718
1514
5678
8053
8138
1215
8331
9170
5043
6408
3916
5015
1522
2758
7932
9866
3353
1905
7845
987
3216
5142
1370
7305
1218
3322
6803
8234
6647
3040
85
9834
1282
2004
8700
1698
4546
8408
9534
8098
7341
126
6370
1245
4474
9602
2831
2808
5270
9397
8251
2259
8161
1539
7252
7039
7853
1083
8560
86
2981
534
5021
4818
8112
7203
4683
6332
6389
9955
2340
265
8175
5297
1962
7538
6626
5327
3111
4044
3285
1643
8578
9214
5536
10
6281
6371
2991
309
5728
772
1785
5090
8269
8357
4111
7917
780
9331
5333
9616
4409
5921
2535
6514
3622
2937
6454
9820
5864
3052
3423
9411
8879
6174
5140
8433
954
3658
1894
7402
9203
3700
9204
7760
2335
3778
8747
5217
7338
9690
1903
2623
3986
8401
8313
615
7138
3724
2397
1814
4445
9658
7983
981
6250
6102
4875
9189
5233
5642
1506
4827
5651
8100
4655
8039
5923
1613
601
8064
3727
5190
2090
4867
9788
7843
1982
7442
5105
3710
7592
1205
6481
874
9340
6027
6919
4008
3599
4603
692
7418
2373
8114
7713
5556
1804
2426
8217
2693
7417
3437
6673
2051
6463
4590
3403
7417
6769
3087
3385
7012
7111
3863
4398
248
6244
1991
817
2863
6496
4881
5153
4905
3068
5357
6709
9039
2061
5492
5635
3744
8651
8961
1084
7094
1782
6573
4178
2036
3325
5649
59
3338
7696
8949
8429
9710
2618
2960
8662
2001
2931
8553
3836
9819
7116
9221
7844
4443
562
3441
1108
5486
516
8030
3383
2395
5109
8826
6612
9584
2904
3483
6882
5772
9997
8728
2141
3916
8856
1045
1540
8031
6814
5406
2996
7142
2417
1439
7912
4613
4656
178
5840
3224
3538
7439
7338
2447
417
1778
252
4634
3032
5951
3239
1057
3309
885
444
7094
5624
255
2982
8244
9460
1932
6068
5091
3168
9816
5504
5882
4890
5869
3579
9944
2599
7509
2390
3815
7705
9966
2083
4668
5685
6676
2600
2375
2806
3335
114
2391
158
2878
3547
6519
4953
9261
2307
7593
4291
7732
3709
7104
8499
8010
7385
1914
9488
4710
4485
7297
4606
6224
1418
8797
7960
9294
1477
4634
9276
1545
2811
3716
5062
8352
7901
1736
8004
3602
7937
9251
8352
6141
5322
1187
5387
4990
8893
6774
7947
6796
9403
2580
501
8371
7297
8987
5249
5705
874
2249
1364
8341
591
90
9608
4649
4396
8681
4315
9185
9785
2820
4989
8077
547
9124
6619
2154
87
4134
1227
423
8591
5400
3127
8405
8373
3771
6916
6827
247
9426
301
6229
3930
2486
3532
2146
7154
1453
3439
3696
1429
9173
2833
5652
7206
6529
5404
368
7564
8669
2128
1285
7486
7199
7692
4189
5310
4480
4466
5843
3958
2946
7144
2202
2238
3181
3338
5
639
9377
4140
6220
1840
9772
3933
9562
3439
2669
581
7085
9301
5717
5553
6733
6355
7284
8484
3639
5671
3952
2223
3958
228
7445
2512
5062
6878
7596
1091
5050
6748
5406
2259
7681
6524
1642
680
1084
2912
1998
2608
9907
3926
9372
3558
905
3615
7484
2984
1418
1315
7765
501
8649
2593
3201
8821
5229
6681
8647
5722
3143
4381
7034
1068
3777
1164
4839
5231
6582
2520
8189
2044
2652
2479
3079
2895
2357
1672
9309
8475
8123
8286
7948
1279
4418
3860
6416
5024
7060
5967
3584
6820
3061
1527
9703
4140
423
7763
2422
1430
4508
2597
667
541
3918
2689
2733
5067
4182
5243
3609
1155
1972
9205
9206
6375
6042
2564
1998
3841
3658
5063
3345
938
2873
9844
2710
703
1691
3287
2924
9238
4902
9614
3643
4326
8143
5733
2273
8874
6644
2194
2730
7750
2999
8169
7641
8120
4326
1917
8846
1502
4192
3314
4394
384
8817
1735
7617
3504
248
806
5319
1649
1398
1391
7650
187
9178
5508
1778
5461
2300
6862
5176
9620
9738
8134
1970
2531
4356
1268
7630
9977
3706
4610
3072
4527
6678
9931
9155
9172
294
3140
6499
4120
5721
4795
3569
3965
6344
398
8061
5868
3630
5894
2763
9376
8417
816
7250
4986
6248
59
1079
1720
5439
5397
2440
3592
5663
9573
8641
1077
3005
8998
1240
6494
4692
5953
9170
1531
2997
7539
7767
1080
3164
6567
279
9988
4643
9080
1094
8395
8403
4274
6761
6897
5635
5195
1626
4960
4780
2787
9875
4693
4468
1621
4673
7419
9731
2950
8139
2283
7600
9593
2969
4573
6107
7627
7641
6398
7596
1830
2395
3878
3259
5401
2366
3129
862
9619
7669
1965
1713
5769
7556
5456
6126
9929
7256
1277
8854
1038
1618
5122
7277
4006
9259
7366
5467
2615
4559
9631
6713
1408
2544
3935
5539
1883
3490
7723
7820
5895
9868
5196
4201
8361
8190
9132
7712
2156
2247
7608
1182
339
2230
6947
3884
4786
6351
5567
9682
5696
7683
3403
885
3480
9156
8124
3010
3075
3921
2413
5660
875
6623
6294
3912
6135
3493
4670
2692
1999
5669
3029
3938
6055
618
3637
2574
6762
1172
423
2745
9991
274
3240
139
9433
2282
1230
9726
5697
8416
594
801
1557
4785
4250
2824
4971
6305
9570
6205
7259
8784
5661
1948
1164
4477
3535
2855
2356
3457
869
6837
8409
4353
8081
9832
1265
3139
3943
1787
2790
7990
7058
4237
8106
1500
4206
2099
8135
8992
7741
5496
980
3067
2056
9647
1634
86
3441
2162
851
3848
8578
7446
6971
5361
4395
7337
8981
5323
6027
5589
5172
7694
231
1357
9363
8554
8751
3459
5863
4363
9862
2865
5097
7669
6613
5581
4122
6343
7093
1918
154
4487
5507
999
646
9320
2788
1237
480
8536
2001
8575
5394
6906
6910
4257
870
9220
1722
3068
7439
9068
6248
1100
6574
9394
3510
9402
6184
1296
6154
6098
1070
2114
3947
4988
1678
2492
7119
3011
3954
4803
9306
2486
4192
2104
9498
6559
5386
7602
4503
7902
5776
9515
2203
1418
6052
5168
1121
1380
8976
1179
3700
2294
4066
3660
9075
595
419
3529
6108
1223
2774
7191
8982
9118
9443
2158
5739
717
5901
483
4823
4633
4494
271
5890
3904
8984
7008
8946
4397
2461
1941
207
5280
8536
4346
3996
7823
8654
8143
7449
8214
2888
1035
8842
8567
7621
6108
961
7839
1158
1669
8055
999
7504
4978
8686
452
9285
9496
7028
8452
3114
3284
2034
3075
4575
8274
7300
3119
5436
6254
4418
9292
2712
7655
9144
9986
7753
3450
2802
9998
3669
8836
1013
9688
1083
9752
8048
203
5469
9745
7884
7666
4125
5195
2411
5511
7241
1529
3102
9502
5414
1655
4991
4417
5521
579
768
4834
7872
6917
8456
5049
231
2873
8255
4709
8459
9100
2869
7485
9295
9875
925
9776
8109
6974
4927
5291
3326
7768
3601
9192
9664
4167
3448
2394
4344
4260
5885
2632
3973
7765
4404
3938
4947
9731
879
273
6886
4321
1345
2254
6908
1980
9378
8145
2306
8775
9515
1562
621
6321
4118
8734
9016
4296
4489
7562
9352
5300
1136
9210
1468
3553
8651
524
4739
4768
7820
2166
7231
4421
1334
3029
2484
5600
9713
6259
6288
5636
937
5971
9687
2785
653
6627
9888
396
9843
8982
7759
6169
3303
7460
9141
8427
5463
3888
7370
9592
9654
1630
6046
9513
3215
2336
4367
7692
3569
4733
2164
4008
9771
1235
8116
2118
9932
3449
2615
8322
7381
2130
6204
1429
7482
593
5602
5906
2603
3148
1959
1411
4892
1740
153
6735
5252
4646
3719
5099
2169
809
7286
796
5900
2205
7308
4237
1952
4488
2279
3591
2727
3082
5654
6449
7760
7884
8246
4162
1068
4775
2000
4875
8781
6275
3726
8649
1457
6813
5657
9524
3254
358
9454
4887
4495
9426
1731
2111
5034
4863
2035
6041
3368
5206
8787
8631
386
2927
4703
3804
7326
2408
877
6423
4603
1102
7865
4156
1945
1016
2896
4997
502
2386
4618
1183
4501
5208
691
2361
3371
7156
8949
6985
5266
8350
9893
1126
9446
4389
6797
8163
8048
9168
9886
1129
7475
8050
2680
1899
5803
197
1895
7848
5450
6033
7088
7137
9629
2184
2601
8353
7076
1537
2323
8876
1971
534
7260
9061
5036
9259
6997
6073
7352
2468
8748
2049
642
1287
1871
6175
6446
6000
1498
9177
1922
75
2233
1785
1834
4380
1746
5791
4730
8391
4524
7457
6230
2137
8071
8253
3937
8600
7378
7153
6530
1336
8630
2063
4283
6195
9807
5343
9481
9210
4073
9825
2949
4927
1694
7278
7307
777
7553
819
8433
3444
4317
6427
4098
2587
5794
6433
2789
5804
1069
9595
6292
6221
7660
8225
6808
751
1106
2729
3066
2696
9162
7845
197
7142
1082
2918
4961
1374
6356
611
1352
5391
2694
4593
1553
9550
76
6968
3763
7338
6215
443
1500
1315
8946
8604
8652
9403
2717
36
774
6845
9616
8470
5887
6418
186
1687
7414
5754
5667
6470
7769
6024
1206
5533
3603
623
9135
5078
2737
6004
2426
8377
8402
9359
1094
1636
8581
9442
8498
3256
6952
7508
241
6588
7221
5097
5678
9284
4479
4150
939
9423
5631
2859
2787
9751
5900
7517
4652
6560
9967
6684
9737
8998
4370
8967
1224
7962
2485
9887
6297
1070
4585
6433
8942
1711
3305
165
6318
5657
9149
1006
4839
8315
1597
4258
5093
9336
8850
2754
9165
9007
3264
4596
59
2610
140
4431
489
4782
4681
2854
7530
5764
5653
4208
364
5443
4572
7759
658
9037
6081
1045
9012
408
8590
7062
6324
5121
4225
8848
5961
5529
3666
6045
1139
4502
4540
8044
2092
2692
1708
7441
9266
6634
3997
5701
2033
1456
4709
164
7251
2467
2588
7830
8347
4474
5843
6717
3559
6341
4275
2
1467
974
3613
1672
3008
7733
1734
4907
1804
5038
8630
6096
8801
5891
679
7995
3001
7954
5077
5317
7350
2842
2118
4832
7751
6391
1448
9897
3584
2789
3338
6295
145
650
7620
2211
6944
8414
956
250
980
9755
7831
3503
743
7078
1841
834
4987
2651
1636
8811
117
2437
247
8991
1408
7240
7406
9636
6223
9479
1951
369
1883
1541
5449
6737
6920
3493
8742
9241
2079
3719
317
7951
6590
5968
9069
9559
6022
237
4372
8394
327
2941
3162
6782
4555
3899
7176
2950
168
3799
3463
6620
1888
6034
7786
3422
3565
1035
3676
9304
6681
9585
9511
5217
6810
3978
2252
544
6589
2347
9215
970
8576
1993
8645
2782
7743
2140
5724
970
1306
5173
3146
2890
3081
8136
4415
2781
616
3010
3615
4933
6001
5140
7557
4939
5420
4078
4946
9144
8267
40
2468
2105
3980
2213
9567
730
3609
2224
2068
1562
3557
7216
9804
4652
983
2195
4888
3429
3871
570
5433
5003
3913
5144
4113
9496
7069
9195
2234
125
4870
8759
7728
8027
9386
2734
9864
7094
6140
7000
4334
4458
2194
2396
9888
1704
1116
4120
1703
332
2649
1839
7256
2591
2462
5679
7656
5381
6617
3124
1086
611
6097
5810
5312
127
9072
3238
3034
7133
2445
2492
7296
8886
9680
9188
4105
7355
8889
5104
5975
5557
3743
2190
3197
7283
9884
993
9275
7083
1212
3937
3223
5519
3668
328
4176
1961
8957
487
3115
3467
7017
1006
2435
3688
3997
1736
6529
114
1993
7845
5611
1525
7873
7032
591
9995
1124
2843
8973
3459
4874
9890
477
5500
9969
5751
6346
8753
9303
7357
8174
7136
8506
6717
477
9956
9473
2009
6214
7883
5294
5261
5984
6764
8643
7092
9734
282
852
2347
4467
6615
5576
7828
2652
7378
9194
4788
3837
9398
9922
4373
6295
1165
8982
3768
6451
6154
117
4459
1305
4645
8227
1720
3107
4160
3997
6200
6121
6157
8981
4324
2483
3281
4817
4099
7884
7092
988
6891
8077
962
7876
3739
4065
6632
5707
6867
7232
5746
5443
3180
5647
9651
4683
6750
9306
1709
172
1568
5176
6403
8687
4143
2558
8688
9710
7960
5507
5129
6591
8224
1833
5683
7691
5872
7558
1228
5398
4381
1594
7323
8807
1567
7899
9114
5408
1271
1392
5768
8155
6578
9494
5387
6923
7068
3338
2943
7560
7483
1408
4471
7476
4138
3632
477
4054
8438
5822
326
999
3930
2753
7232
8230
4473
3146
393
2892
6307
1342
6810
2636
6061
8574
377
7439
101
1375
9912
2939
7965
5895
1030
6499
4137
4689
8934
7023
7882
6868
541
944
487
3424
4699
9733
2868
7005
8686
8764
4208
9462
7673
3465
4083
1059
1352
6296
6332
2429
8589
7274
2838
4052
6588
1533
9351
8325
5828
9727
3461
6153
5798
930
6970
3361
9458
3167
995
2245
6221
3679
2377
72
4312
9605
4229
9469
3323
9891
1782
5266
6981
921
7074
8604
4239
1618
2505
1897
4110
8578
3781
7569
5894
8179
7340
9414
1878
540
6031
7889
3942
9720
9481
9670
9052
5591
2383
7438
1141
5466
4751
7954
8477
7748
3093
5280
6324
5598
393
1218
4416
5971
5825
6927
7564
8209
2195
8072
5593
6849
245
832
5697
5281
4181
7614
6341
479
2011
9450
6815
4132
7659
6665
732
2214
9175
669
4875
3268
8846
7480
7068
5489
6493
7944
8045
4101
6866
514
2620
3410
5655
9950
4935
2466
6347
9290
1000
9307
1951
3078
9326
6381
1397
6972
7040
8950
367
2585
4550
9012
203
6683
6575
9613
6626
730
1140
8267
2015
157
998
3688
1184
2711
3886
6978
780
1788
8974
7047
6686
3716
6940
110
2172
7650
210
4837
1886
2928
8077
7952
3282
1552
8634
9919
7547
2776
5782
6716
6726
2707
4904
1627
2325
4287
5259
513
3432
2077
590
5059
9136
1821
2024
1134
846
6972
8947
3590
5035
3044
4190
4582
5850
5966
9635
9792
93
2436
7100
5822
4108
8705
7287
2480
3291
9165
6425
5655
129
7676
6300
51
5935
2643
8361
6203
4793
1510
6725
2832
5606
1590
8071
3920
9598
1880
8658
9624
6144
4917
9985
1593
9381
8578
4993
6140
1680
5258
6109
3262
7790
9832
4940
5529
5219
8465
963
8523
2235
7433
3167
3682
4790
4888
4286
5143
7603
8749
1980
4524
2660
762
5148
1437
482
187
6391
2968
5629
517
3580
2366
8149
9189
4478
5752
6906
3340
8384
5773
9092
4306
7921
2828
2586
9795
2230
7732
4308
5450
77
4518
8214
6841
7692
8432
1151
8876
1499
2125
3474
2043
341
2561
3973
3965
5270
2193
5481
324
7539
620
8327
1387
7035
7110
3705
9059
4059
117
7987
4710
7120
7260
2022
9833
8170
8088
6535
18
4615
2401
5907
7695
4315
8897
7785
624
5806
2486
5277
1217
1014
3738
1793
6431
1835
601
5985
9180
5137
816
5717
26
2983
3232
5480
2215
6156
7623
1278
4071
9441
5546
636
207
6538
9271
3084
7052
968
1888
8261
8794
6884
9326
4575
6981
305
4186
1295
775
6970
2081
850
5091
7743
3452
6197
746
6304
7722
121
4118
6710
2099
9541
3793
348
4323
8067
8230
2778
7231
4314
1545
1024
3125
1841
4176
960
7640
8940
1435
2648
6037
2982
5715
8680
9679
4525
7457
6913
6812
992
5922
4312
9719
8335
3262
3071
9826
1847
4407
3652
3375
4019
911
1926
2936
8183
9040
9224
4213
1579
1091
4784
3328
424
4254
9784
7117
2595
3132
997
7822
608
475
9925
4014
8719
5631
217
1579
3177
1772
2151
2167
3939
1020
8011
1639
9465
1291
6307
7706
3622
9872
5953
4255
5173
6528
3749
9618
5849
3299
9840
7459
2568
9040
6137
1874
3043
4232
2163
2799
1667
5634
1233
3895
4402
920
7449
2705
7167
630
585
2052
2145
8466
1632
2425
385
1249
6485
7393
7073
6715
9072
7969
7947
708
8078
7296
1461
5325
3345
4015
1508
6089
9004
1242
9788
9322
465
8222
5235
548
1471
3397
299
983
5641
888
341
1943
4111
7211
2933
6352
7221
1406
8395
2444
3540
9719
1595
7211
3947
5460
7690
6198
1974
5741
1304
1830
4160
9406
9421
4618
5796
4679
3212
317
8077
782
2922
1373
2461
5109
3003
2881
6788
6403
1728
1632
5613
4851
684
1840
4094
1964
4727
2659
803
6731
2276
681
9825
9620
9133
5302
6686
2709
6403
6005
5760
2476
4576
8466
9086
1591
1303
664
7805
7435
31
1130
7803
8000
253
8928
536
343
7871
8982
8557
2811
5927
6982
2750
9893
1777
5239
4938
7750
6688
4590
5169
9211
7791
7733
7755
9342
330
6234
3904
6589
246
6815
1665
9905
3262
2560
5839
9299
6838
1161
1460
5798
5660
5441
4547
6938
9607
1055
2896
5599
5589
2481
7881
3243
1068
1197
5459
3423
7592
9286
876
7831
7273
7632
6929
5065
3769
310
77
1806
2029
5852
2143
7179
7845
1610
7955
3667
9067
9654
830
2165
5240
1318
8514
4487
1387
2812
1910
3983
4640
6162
7739
3775
9563
8144
4124
2568
9089
4847
5019
3
3247
1040
5400
7065
7100
1616
4163
2211
2639
7020
5812
549
6798
5826
5161
1658
9178
5390
1544
1462
8602
5836
305
4947
7214
3582
9708
9425
4447
8046
820
2591
919
9220
6436
5650
4071
4402
2620
9436
3188
9514
3093
627
1350
4185
2334
5914
5796
25
8023
4297
6216
8400
7239
1558
2569
7389
3693
6396
143
7602
5209
4722
9819
3066
1621
7164
5720
6459
3347
4960
806
7678
9978
1125
3320
884
6403
6999
3488
8015
1240
9125
365
6055
8625
7765
3308
1275
9774
6321
1205
6143
5179
393
5285
3605
1743
6328
8109
9065
1759
1674
2162
2525
2207
4206
6380
2087
3531
1886
7866
5287
6814
3488
9106
6590
7033
8445
8047
7761
7954
4951
9549
2834
1176
7337
1944
896
7757
7309
1676
8021
5973
8757
2343
4347
2828
2542
1855
3493
120
5917
2875
9322
8100
1042
7209
9376
1081
8458
4432
5231
9672
4279
8638
7496
3791
4417
4929
7196
9039
5176
9027
5886
6624
7193
9201
4006
3579
8903
9635
696
5746
6449
8266
8575
685
9259
183
3845
1501
4416
9734
5478
5430
8367
638
7214
2945
1519
3601
2640
4139
9854
5212
6714
9180
7789
202
6740
8757
8228
1579
2049
8599
8995
9567
4403
9391
9630
817
483
9702
8952
3948
3756
4919
1679
6079
5447
9584
1943
7771
3414
4030
2580
513
3293
8758
1694
1767
8456
1603
2212
7427
4023
3425
5865
550
5486
7781
376
8207
4312
8835
7486
5384
1327
9646
9910
6012
3643
9861
7297
6417
2423
7861
4856
5726
6876
7435
3416
1121
4531
3174
6382
3203
9068
1962
7312
8206
4754
155
1646
9293
877
7358
7493
8767
509
8064
3316
6666
5348
1834
4888
8910
2475
1211
9909
9942
9421
4065
6339
636
1112
3723
9679
2131
5978
5882
5171
215
8806
6058
3230
2889
4734
5101
269
5829
2226
3193
2543
6607
2815
4649
7616
8731
1945
6839
6638
833
8328
6594
740
4680
8913
6572
6540
8036
2747
2228
9006
4914
9838
7275
4755
6220
433
1827
5201
8409
6056
2755
6959
6398
6121
233
6366
9691
2954
7935
6078
7434
3673
6872
4309
8960
9515
4495
1471
1257
1934
1356
4748
3771
66
7340
8399
3952
6010
8301
6536
4044
2784
1791
5484
754
4775
7481
4902
4656
2043
3875
350
5427
7944
7967
5162
2368
4165
8588
6137
7050
8526
7375
5838
6352
8648
3533
4090
9727
8967
9852
2642
4068
9443
7799
9919
3203
1827
8947
7257
6763
3345
8470
4116
4920
8280
3985
7365
1329
5073
9651
8932
6503
292
1081
6875
7796
1110
1385
7213
196
4763
2437
7784
4208
6870
8350
775
3243
484
34
7626
3144
4259
719
8535
739
1206
2377
8945
6644
9212
2063
7069
9939
653
5405
9751
8783
1269
1677
8816
1550
7797
1207
6384
7674
9750
1224
5607
5999
3221
681
2761
1145
3624
8063
7719
5202
9869
8759
2415
2836
4619
159
1150
2826
4037
3344
2298
8004
5655
9945
8313
8556
4898
1571
9795
765
9168
7032
9839
4383
3385
9555
6862
7046
2395
2133
7687
3408
3772
4224
7781
9997
9189
7108
2254
4185
3745
8405
9433
7135
439
8481
8691
6091
1306
2760
5562
955
7657
4343
98
3752
9318
739
8969
7284
6813
7006
7820
1018
1018
5158
8073
8135
1979
6288
1516
7498
2308
7545
6793
8305
853
832
4215
3171
9165
3891
9197
7492
6746
7315
44
9067
959
2923
2854
2172
4083
9952
4817
4537
3036
5550
7349
4014
7001
5165
2200
4117
4352
6609
6883
4067
3114
8807
632
9488
8503
2534
8439
4496
7008
5816
8696
4548
8959
1090
9418
2122
542
4692
9148
4102
1826
1814
1223
507
9529
1669
4289
9172
1956
8269
7720
9868
8853
1976
7874
4440
723
5771
29
6554
612
8056
1266
5834
6292
711
1576
6362
2340
7146
4013
8758
9691
97
9877
8437
4888
3070
1559
9977
2516
2463
3971
9023
2030
9670
5271
8669
4587
3769
8971
6810
6369
5712
2490
4644
2366
4429
1658
4158
8609
3684
6793
4248
1472
6096
3581
924
9762
7358
1159
6942
9106
9336
598
182
8367
5490
9244
8088
4703
5835
304
7571
7283
1553
2454
5931
9635
1252
1294
8537
7138
1883
3007
3292
9290
7373
709
229
5987
7116
5696
6979
3338
4682
9000
7303
7264
4299
3523
420
2510
8987
3367
3393
597
9571
4925
7542
2709
8238
3814
2507
2547
3774
2766
8373
9776
8167
8258
7105
6850
5898
7808
9409
723
7875
5656
2122
6228
1733
1842
4228
9767
9016
8569
6682
343
7604
8186
2376
9968
4693
9132
7773
6960
1595
9730
7017
3812
6712
4865
2636
5892
7111
7250
4374
8536
2318
3269
9123
7796
6197
3149
448
4537
4051
6653
5789
2394
2468
8358
3042
7670
8850
1146
5965
3182
6044
2562
9578
8764
5049
6323
2586
8203
5383
471
3741
6171
8378
4404
3009
8957
3372
9310
6424
9674
623
469
5603
2008
7577
5238
9018
6563
7067
7629
2354
367
7033
8882
9523
3221
1340
3601
4246
4222
448
2696
4513
8011
8823
7635
8673
3077
3210
5314
2439
3811
2231
9234
651
3879
3075
622
6309
1001
5511
2617
2074
2199
6934
1724
6212
4230
4684
3362
5777
6036
3519
2503
4735
8779
6766
6188
3671
4322
9443
1978
752
4842
403
5309
692
4686
8463
9143
9604
546
4351
1307
8841
7558
6338
8489
182
7032
2433
976
8058
6178
6164
8907
1906
1409
6104
9079
3187
4584
1581
1152
7125
5914
8264
3457
8809
8142
7723
1592
6936
4090
4444
7447
6178
3701
2299
2404
932
7298
1
6045
9028
8927
1685
936
3882
7399
4454
4761
7509
2901
9415
3425
4862
3909
6599
2618
2011
2542
6948
755
6839
6458
6528
3230
1131
1933
9096
6470
7204
5869
3183
412
537
4107
8998
9716
2288
9681
8595
7263
1998
7386
20
8329
1342
432
2418
172
4325
813
4466
9741
8006
7523
2908
1685
493
5777
1474
9925
9768
5985
2970
8687
7689
3385
9001
3046
8426
7973
2408
4837
9558
9646
7255
7044
7046
5297
19
8709
2391
3060
3468
2811
1447
3817
1650
1569
9521
1656
405
7194
6705
3030
2859
1256
685
9067
3461
2482
1681
6649
7313
1097
5608
1708
3764
7604
7097
2513
4554
5296
3560
1619
7139
8710
5150
2644
3265
4762
3162
2058
1335
9347
1186
6763
8673
9809
9174
5405
6384
2915
431
5093
5211
8661
5550
5444
5483
2602
5291
8772
8092
3243
6489
8603
6278
6493
1236
8687
9903
6160
9769
1218
4938
8049
1764
6053
870
5345
9095
2387
7895
4649
5454
565
3923
5298
4743
4491
8636
9394
628
4434
8187
6374
4236
5951
9428
3863
5619
3122
7039
6064
7324
3284
366
2024
5148
6120
9362
8702
2024
2040
615
7989
5838
3563
5127
2565
973
8681
9242
2805
6350
7011
8936
5792
9856
7979
5506
7991
161
5230
7665
5074
2158
2998
1002
6000
1492
8270
826
3565
7019
7228
8536
309
7389
5678
4800
6955
9423
957
5113
333
1469
7159
4551
9146
4497
6426
8925
8855
7336
6508
8979
1483
172
8864
2713
2172
2175
2128
8523
1990
4967
2953
8399
5646
3535
9963
6157
3536
141
6803
359
9857
4802
7160
5417
2400
7995
8003
7225
5065
7383
7278
1573
1171
559
8827
4602
4153
87
378
4605
2417
5428
151
3573
6766
8740
3790
5091
2092
8016
6166
2386
9838
1507
1908
6660
4101
1973
4445
1196
2194
7966
5803
1124
9991
2020
8441
2257
3429
2411
5998
4937
191
5982
1991
429
9756
4409
4213
8111
5772
5247
7880
1403
2028
2112
2398
9212
2147
5429
5056
7509
3609
6334
9891
2582
8668
1491
1549
3506
8316
5905
1996
6408
577
4076
2674
7218
1096
7298
5826
2781
2227
6310
6587
2420
6670
4050
1712
3373
3049
2842
1760
3840
3801
3975
1016
6862
191
5360
3451
6667
5414
4686
3648
6744
4280
1365
8735
5448
7244
420
1130
661
7254
5434
2166
9753
209
5695
3502
4875
3709
4758
6651
6499
4212
3780
919
30
9702
3188
6584
1303
3564
514
3232
6828
5460
562
2837
3761
6713
6454
3389
2748
939
6567
1653
4022
5493
2888
2981
3450
5677
892
2037
554
1571
9695
729
4996
6891
3929
8690
1470
298
5574
7264
5507
2251
4783
73
4310
4652
3655
1997
7410
6298
5852
3666
1658
4481
7980
405
3893
1925
5723
2995
2461
8720
8883
2566
5699
888
4654
3493
1470
800
7761
6239
6911
9781
9392
6763
1637
9928
4259
331
833
425
6592
5328
6899
3445
1355
7064
9623
6113
6586
2415
5192
7943
6381
3660
3802
7656
1768
3872
4106
9357
8462
6861
268
5683
6346
1757
4047
4702
5394
6120
9952
8126
6724
1692
6298
676
5471
3763
8754
4355
4271
8552
5856
6800
2261
2953
7878
9884
4733
7536
1430
3317
2837
6784
2216
8119
1041
225
7488
6514
2487
4305
7899
8069
8789
7666
5722
6691
1390
1812
2653
9490
6120
5071
5832
6455
1282
222
5098
9379
2288
5195
7998
9542
2607
1847
1620
6295
1662
9967
1925
2858
5172
2396
1935
1423
2405
2433
9851
6936
7811
6512
7008
7845
1616
3601
3394
2504
5055
7679
5425
1957
1169
1238
6619
3364
1333
5809
6882
3479
1019
202
222
8267
5700
8339
3895
3000
9232
6378
4188
6992
2603
3141
5392
8506
488
8780
8836
8309
6696
4090
8300
4838
7330
6901
6611
38
2201
2587
5760
2518
904
2873
9512
3890
9843
871
3123
4901
448
511
9551
280
6841
5438
5328
5087
3299
5805
2102
825
7988
1383
1831
6538
9666
5948
4546
8702
8307
990
7683
3855
8928
6445
5081
9570
307
2388
1915
2656
6717
8390
9084
8266
1335
6593
6851
9992
4546
481
2912
8934
9036
3761
4487
9260
6229
2840
7512
8826
5435
1960
8561
6049
7872
2200
6738
8432
2638
4302
3458
3865
663
546
7753
3165
5666
2732
3575
1187
8254
1770
3387
4269
428
9310
9281
3790
2954
3408
8855
9172
7346
8303
8101
8790
7529
3040
7699
3954
3630
4904
2266
9344
1836
1407
4349
3148
9719
8902
6257
1466
6072
6838
3178
4549
7892
4115
465
6886
4875
8032
6437
9246
3558
6929
9624
8419
9052
4784
5958
9552
2234
9725
7125
6768
4185
8721
5993
46
7716
7558
8859
219
7870
8607
7093
9408
9453
8869
2716
1171
9849
7308
3388
3256
9628
3586
2378
5943
1801
9969
8167
660
2964
4396
6526
6809
6030
5479
5135
9555
4748
9550
7116
7701
4831
5801
5223
8724
5093
7983
2828
7528
4776
229
1353
6562
9940
97
6350
7554
2684
4144
6014
9308
1810
12
6612
1782
2529
4340
9055
3942
5810
7611
9599
1797
5051
5496
5570
3450
8910
1200
3898
9992
4318
4853
6249
4639
2984
4099
9586
7646
8008
4673
5095
1204
4640
991
1609
6788
655
4556
1869
7249
7332
2338
1279
7290
1633
8170
9172
8944
3772
7703
2020
3139
2122
1479
6516
4522
9139
1275
7998
4335
7820
2035
6297
5313
8114
5436
6773
3355
6659
1394
9028
2998
1216
684
9592
7629
3282
5249
7732
797
8479
2731
5470
1983
4539
8323
3866
8771
961
91
7686
7472
2757
3616
9672
5937
3088
7997
3825
5579
6046
8059
4320
4397
1364
6942
3002
9200
7401
9158
3744
3168
7422
6686
6399
4367
6845
9688
6539
1920
5958
9038
9747
9165
3388
17
813
7297
524
5232
8892
8773
6046
121
9374
7044
2715
6229
2069
8086
5689
5869
3121
9609
2738
6746
5019
5855
1964
6639
5051
9432
1883
6359
7591
6793
2062
3844
9734
610
9899
3468
2946
601
579
2436
5657
4135
2778
476
3009
9343
2231
9952
320
6398
8968
978
6298
7125
1684
179
450
9159
4510
2294
6758
8527
7255
1015
2242
3672
110
9163
4743
4728
7734
8571
8985
4164
5663
6915
3761
8760
4101
2118
5971
8367
220
4945
9141
3861
383
6922
5065
5291
7919
3811
7230
1346
410
4552
3820
2934
2888
1765
6264
6957
9731
2728
6513
1132
8618
9060
2552
7133
4453
9276
7001
7235
9821
823
8088
9148
1246
7262
5759
4816
7280
1843
8243
1552
5289
883
6000
8089
8698
9077
654
3874
5399
4166
6250
7250
1056
198
8961
7029
8116
7074
9267
2435
2480
9006
7499
8362
4986
6056
9681
6472
4136
1028
5607
7792
9816
8641
5240
9144
5156
5117
2660
3994
5144
4129
9048
8148
6095
9374
7481
2053
9695
4954
2674
4446
8944
2223
8243
6561
1067
5789
2517
2202
4188
1940
1517
6574
422
9962
4303
6006
7930
476
1571
1395
8417
5265
3115
573
4587
9878
3586
8619
4160
3697
8811
621
3157
2147
6890
8384
1423
2253
9243
1112
7572
5830
6867
283
8892
4286
6133
560
4153
5184
6659
1870
3689
3552
1009
2602
1653
229
2295
213
9946
5474
1072
3522
1916
8506
7398
436
6679
2719
7378
5923
1651
1858
6069
7700
1711
4651
232
1248
8329
4070
5116
1563
918
2723
9147
6340
5715
7665
9238
4165
4550
6391
7283
1743
7034
693
5304
6185
4871
6612
2734
1929
6290
6834
4359
7019
1908
6496
1535
151
741
4623
2497
8114
6525
1188
9798
3131
29
4124
4217
914
2620
1545
4835
3246
9992
1881
4413
3356
2668
8684
7667
8447
1646
7450
7621
1367
3403
8959
1790
2569
8360
7350
5655
4303
859
1457
5594
1258
6721
4737
7272
5776
6558
2565
8304
1188
9103
5631
5988
3817
9093
4686
1833
2780
8446
5020
4694
6816
7853
8675
3435
9099
8254
8645
8184
4189
8168
2069
6528
6152
3317
8809
7246
3213
9612
7667
9579
2252
9166
5006
438
5980
1740
9546
5435
6663
773
2712
2191
2908
3996
6076
5970
217
3494
6142
8356
1755
9075
2009
9453
3097
1777
3308
2850
3597
1473
4197
495
7477
3627
4180
1510
9687
5500
8039
4980
5226
1348
5289
1812
5664
9498
4189
4841
3357
1564
6582
9564
2052
5544
7635
89
2429
30
8850
6225
2483
6370
3687
7952
5587
9235
2550
2974
3605
3778
7963
1526
8444
9315
1343
156
3111
5300
9933
2812
2493
5268
6173
3255
4837
8352
2103
7524
7251
6004
8187
9011
2369
3664
9397
1547
8824
3202
1348
7818
5119
2217
5812
1439
5094
521
8032
1041
3293
2459
7921
3844
215
6141
3448
4378
721
7059
7289
1212
3629
4162
7190
905
6974
948
6366
3699
1276
2859
2752
9933
2724
4914
4950
9640
9210
302
8314
313
4788
1502
6760
9471
2316
351
4632
9315
9806
2482
8213
480
3304
4535
8340
731
7995
9640
3965
2276
9705
7818
1497
8306
918
3144
6286
5361
9039
8767
687
3163
9731
4261
7844
7678
4863
7115
1499
6328
2834
1661
9965
6527
8890
4252
6711
1
4381
3076
939
5723
6882
4627
8988
3705
7594
6580
1444
393
8492
8576
1423
3942
9328
8228
6657
4276
3784
9602
1735
8492
4823
5331
7125
6926
1587
1579
8457
8982
4098
7114
2961
689
7412
3926
9907
7874
3933
7016
8442
9842
1106
5230
9304
8475
1874
3396
6572
6782
6948
8342
1800
9138
1214
7897
5690
2628
1381
2446
1797
5260
8399
3219
2678
2151
6070
114
1331
5217
6797
4581
9862
5380
6492
9850
2860
8872
3269
1606
5149
793
8740
7137
2287
9794
6511
9897
7495
7463
9748
9484
507
4803
8590
4067
2261
6047
8624
3496
4335
6991
3619
6468
3525
994
9295
4459
106
849
39
8391
2932
8865
7145
1464
5785
619
5428
2981
7143
139
4863
3557
9898
5524
5294
1638
8455
4394
5171
4949
8112
7996
9799
8150
5667
1240
646
9770
774
3537
4852
7325
4752
1888
3329
9388
7240
3347
6525
7375
1419
8749
9305
7796
5309
3351
227
7810
124
2926
5963
3079
6578
5761
8596
7099
6608
1996
2119
5466
1054
1800
4535
6866
3521
2966
3714
4969
6818
6726
8355
1856
1222
7769
257
4131
3089
786
458
7457
8304
1209
9740
3877
7487
2234
3519
9014
8930
3714
2187
2983
828
1045
592
9702
6534
3790
4564
4169
5263
4455
8105
6219
5986
7562
2217
2325
4087
7974
5179
4043
8751
5280
4558
2877
4040
7978
3219
6531
8149
7169
5173
793
3407
4542
2221
4599
4269
3519
9061
3260
1760
5627
2741
6252
604
6380
2200
1508
9636
6261
4975
7721
6985
2763
1122
9816
8996
8849
8885
455
5891
1713
2708
2191
7767
3234
1833
743
1682
153
6888
9734
4297
7664
2647
1204
4850
4864
7443
4208
39
4267
3586
5923
5848
503
8612
5794
1287
5195
4133
3472
5562
6028
7688
5572
3286
8056
3068
4588
2006
4413
6306
5711
2526
1761
7770
3755
5306
3048
5611
2885
5556
6443
2183
6462
5543
4693
3016
2927
5125
3544
7401
6375
524
1376
725
7222
6979
4742
1315
9202
3055
6117
8736
3845
3123
823
6261
2489
9786
9860
7502
8966
9893
4138
6125
3122
6192
3494
7958
6510
1617
787
6839
6782
4771
7351
9104
6591
3235
1149
6725
6113
6018
3057
5841
5734
7652
9904
5619
6864
4254
5125
2253
4377
6182
9167
4237
3759
2875
2172
8031
9671
2872
875
7706
357
6097
133
8237
4086
6055
7063
9734
9651
6758
2374
9100
2829
2923
9148
6334
4680
2255
4066
5042
5574
5475
9869
569
892
3189
716
4625
534
8618
4006
2257
4531
1778
3239
5621
1350
3785
6519
9078
3799
9613
4440
1895
9839
3856
9228
8026
2056
6835
4304
7296
81
7723
9676
8671
4802
7289
3970
4256
1873
5307
8313
2141
4724
6736
772
7290
4044
6356
2613
2308
1535
3694
9228
4086
643
8841
9283
8093
5892
4966
5364
9395
5518
5268
8177
8353
9126
440
4259
9400
3273
7731
4053
3288
3064
4223
3178
6771
7131
5016
4816
8813
6679
1685
5194
9094
6696
7599
7364
2849
8848
4470
676
5877
1138
8828
4680
4960
8954
8067
6516
1818
5787
3132
300
3306
9608
8987
5495
6540
2661
4572
8790
5334
8239
1136
655
3481
7939
1546
3365
1168
6810
3440
2074
3145
1859
5979
4280
1134
1423
3300
5907
8391
9092
7813
4133
1373
6064
2949
8104
1975
54
8120
8703
3982
7256
8272
7661
9028
6202
6649
4468
628
8861
2169
6799
9668
4797
2147
6419
1084
8813
7029
7960
9446
1153
6250
2321
628
2009
3378
9984
7815
8880
4287
2041
2757
6148
4282
8373
7316
1120
8795
3083
6153
9754
7570
7005
8689
8297
4093
5957
7354
4145
446
1192
9589
376
2702
5521
3063
3612
3561
4462
7109
4145
6962
6923
8562
562
4123
3946
6807
8537
1645
7281
1154
4881
99
1756
3431
3473
5897
6727
88
9275
96
2237
1033
267
5323
4959
6918
4856
5982
7465
2677
4075
7538
1918
2726
3712
7820
5897
2424
1412
6998
3742
1172
7741
3184
1530
4798
8232
7446
7610
8803
5488
5431
3467
9430
6592
2775
1625
6573
1253
7991
8272
1063
395
9644
8357
9017
3229
4259
9990
7630
3231
7655
3189
22
9919
5143
5220
1586
3815
5420
1092
6649
6597
8850
3128
2199
7035
3335
7960
4939
6072
9981
2767
8987
1118
6382
5147
4162
506
7492
2605
9008
3915
2775
8329
8435
3546
3610
9638
3182
3826
6778
4331
7182
4536
8255
7960
9357
3355
6512
2047
8352
9055
6060
9189
2305
5823
66
6088
863
2543
5533
9624
3342
8226
5742
4291
5200
6278
2461
1515
4772
5766
4747
2720
3631
7458
2097
8325
6851
6044
7154
4297
3965
7637
7225
6386
7462
3441
4455
9685
3316
6293
1656
7801
7198
6676
4523
1568
807
8764
1235
2002
5048
5067
7304
5957
664
329
6924
5839
2385
1487
2061
6645
9640
672
7039
4566
5446
2539
9491
1465
5229
5510
8196
8639
9002
8937
4528
1456
3591
4616
7058
3677
6409
1624
8164
6599
8656
8024
7432
3491
3752
1618
9097
4232
6343
4649
9799
8549
8245
4099
8536
8787
337
89
2847
4773
3619
9745
3977
3991
8369
2878
9070
41
7670
8830
269
1139
457
924
9011
8276
9662
6081
8798
9598
3034
2412
1214
3518
7799
6806
8106
8163
5421
7919
7458
8841
9439
7314
1753
8391
7591
3002
5343
7523
9262
5108
1769
3559
660
3008
2798
6322
3075
6884
8489
9374
4059
4384
1580
3273
7459
4830
109
5066
5827
9223
9339
4864
7950
4240
7771
5993
4977
2313
2312
9980
943
7943
4514
1402
7368
2455
3221
511
7029
5561
8890
3467
9047
2289
1448
982
5941
8105
6582
6249
3482
3405
5051
2120
5822
909
5837
5697
1659
5985
6691
5704
2000
417
5038
4333
6461
4733
8051
612
2972
2831
3230
6750
5296
5366
9805
2433
3778
5120
6925
4556
7411
8399
6711
1526
9486
1408
9005
1900
4827
9506
9905
6916
3954
243
8042
5207
8363
8200
951
5907
1588
751
8857
3255
2674
9096
4742
1783
2280
8194
7641
6240
6757
2509
790
4508
2215
1932
7446
4939
8871
3653
5006
1776
5764
1295
2386
3627
7314
2196
6523
315
6133
7378
1352
2859
1002
6421
6630
9816
4984
1265
4567
774
6295
8760
9408
4386
3703
1691
8802
4029
9020
1963
6104
8878
1535
7645
9572
2014
3132
7641
7856
21
8260
3928
1137
475
9953
1462
3797
4691
1613
171
7616
3168
4453
1741
4137
243
2145
6319
1052
2702
7489
699
286
4258
723
92
4731
4172
5482
130
6580
3605
6352
4431
2587
7740
1445
5744
695
5194
4530
5433
8010
8783
3828
6951
2299
3310
8819
3783
7873
6749
2120
1326
2039
891
836
5200
110
6347
648
5526
5409
4663
6349
7893
5644
7207
4529
6914
8579
6491
7691
7539
8015
643
4204
2645
5763
5834
5163
2790
6499
4656
7522
5479
180
695
2642
6828
1056
796
794
8063
3191
6941
5084
2951
9925
9032
2784
9962
8681
8378
8105
4726
3183
9255
8069
4180
2247
2463
2357
3697
8082
548
8718
2433
7273
9035
7877
162
4505
1850
5735
932
2462
1958
6105
5031
1335
164
4212
943
7881
6038
9782
3266
7081
4916
8633
860
9112
4118
3404
1916
558
9621
7285
9076
1558
1721
9443
8252
9968
4480
7206
9386
9486
9131
8012
6009
1179
6037
3625
3195
6882
3285
194
245
8533
2533
345
5281
9666
4372
7708
3826
4003
6090
9997
2379
1369
4514
4119
1045
3016
5358
5625
6329
6813
8408
5284
6368
7771
4755
7544
6063
884
8323
9228
8849
1355
8937
1913
5181
1960
8327
8154
5179
8497
3623
9967
4366
2066
5123
7764
6912
1267
6424
9366
414
8320
5389
1609
9856
547
3785
1587
6118
2758
1997
642
6148
6589
2694
1816
7777
87
3990
691
2007
4487
8283
291
9583
5450
7712
3023
6689
2873
952
6523
6639
6765
8956
5714
643
6678
9144
362
876
8720
8539
6017
3376
7243
6423
6329
6622
7982
6150
6408
4033
10000
