4474
4898
4888
8491
1947
7348
2884
1756
2313
3078
9045
1726
5352
5598
7594
2664
5812
6902
5082
1624
4520
340
3747
2138
8156
5893
6755
7781
1694
7025
450
812
7412
6098
5142
1623
9634
999
2563
7990
4933
9028
5115
9230
3355
5412
9293
9295
7464
2834
3259
4536
2447
5283
6442
6443
2353
4204
7263
6999
4659
7462
3582
4459
7784
1936
9337
346
3896
8699
9966
4230
2462
5692
8684
1498
8302
6561
5451
697
1637
5885
568
1270
6590
421
5220
9586
8904
3191
2021
948
3285
2232
9609
7994
5678
8658
6725
1351
6044
9335
2803
6693
2773
7881
4109
3477
711
4006
6715
4517
982
5235
194
2328
2279
6985
8816
7656
83
6629
240
8025
2423
4705
5225
9238
8185
1763
5718
807
6759
2445
2827
7025
5824
9368
652
9025
7502
8143
6725
9596
1722
1394
4879
1716
9688
4091
1809
3852
9630
4639
4244
9881
1612
6234
9728
9203
8163
779
301
3045
2662
3305
5061
6289
8043
8290
4521
226
4198
522
6963
583
3661
2227
4582
6883
1657
5074
5099
3727
8383
347
2759
1979
8532
3117
1125
7957
5492
6536
8952
1736
5391
518
9530
1466
9214
5045
3407
9187
9618
2055
4113
5058
2699
1476
6653
1143
4014
6326
8893
2936
2417
9026
6704
6652
4942
6061
4736
2994
840
945
6056
3573
3170
6102
5489
4445
1861
2697
3530
2353
3077
3734
9907
3146
5836
9787
8492
8614
8395
8635
8175
7476
3678
9754
7484
8655
5137
2143
4297
104
1917
9272
5821
4455
4881
8075
8147
3517
3134
9872
9179
7306
4084
9837
3483
9644
8681
8238
2718
1648
7573
1025
689
6433
3114
9557
7779
3226
6887
9272
5561
6741
2239
4909
8694
8168
6638
5548
7903
7373
9192
6162
4749
2079
4535
3647
6238
8631
5470
4360
4837
758
3270
7089
7417
7224
6316
67
4839
6641
4892
3158
2406
7893
2383
6658
280
7564
858
6308
2067
1594
2088
24
9288
6956
3416
5663
9183
594
1567
665
3403
7057
6491
3830
5556
3342
1647
6665
6267
9273
6722
6766
5438
4450
3753
8500
2751
8248
7834
6908
9093
7645
9155
9177
3533
8784
3997
4310
2791
2045
8477
5672
2689
7185
337
2999
4001
4601
880
137
8320
1143
1269
2286
3089
4074
4835
1871
8771
4752
9807
5256
5308
4375
4889
3510
9454
7776
3527
9157
9357
7639
1356
7429
7850
741
5330
4932
1315
9879
2332
821
6693
9982
9692
5594
5228
4569
9959
439
7903
9225
7539
5700
4136
2002
5337
475
2294
6819
5437
6627
7847
4794
9022
9544
2590
215
7239
4887
6218
2363
6499
5259
9810
1786
8865
3212
9258
9748
555
7381
5533
2607
9382
6620
7833
8617
4977
2992
5108
3283
4033
8209
1255
813
6463
9703
9329
3420
7395
1886
556
7292
4189
5348
4620
3872
7326
1774
8725
7804
8921
5152
4281
8318
2855
511
1708
9169
6107
9845
5811
3321
1694
1171
6453
2495
9846
703
1866
8426
5522
46
4786
2201
7159
9989
4884
435
3722
9989
4417
2178
4473
7769
7918
8433
8714
6574
859
6966
728
8589
6708
8683
8570
1778
6548
8265
4029
3973
548
986
5050
2424
5952
9667
1251
9236
1968
606
7754
3102
7972
4930
2511
5580
7783
2367
7524
5805
9397
7665
4927
944
6546
6019
4780
998
5731
2785
2568
5598
9936
4471
946
7350
8164
2553
2021
951
8131
9005
3631
9857
7976
2604
5478
2541
1699
8058
8730
8578
2173
5770
5767
697
5048
8687
5107
2716
6637
4076
232
4850
8968
2305
30
7267
5575
1750
2880
9950
2320
8802
6012
1962
8572
4602
6717
5992
5388
5644
2233
4739
9013
3620
665
4107
9955
1056
6197
4453
191
3136
8005
5208
3629
2888
3800
68
7862
6422
5727
9656
8459
7270
8454
6051
559
4051
6734
8934
6387
3649
2459
6190
1440
2889
9283
2799
6571
5318
6257
571
7969
6062
602
7885
2113
7037
3753
2936
8203
6751
4080
6246
6238
3846
4360
8145
4999
1172
1955
4800
466
7663
4933
1977
1906
8580
7908
9166
9800
791
7248
7992
7044
8667
6478
7855
2493
7912
9209
8679
3755
9181
8717
5306
4411
682
428
616
9320
9147
5989
4735
540
1524
5349
5879
5520
5514
6338
4274
8686
5728
9587
4406
7347
3597
334
2377
2884
3448
7632
4568
8636
4161
5805
980
6576
5705
2593
1653
5915
2494
3384
7369
8091
998
1147
6496
4274
7329
7271
8255
3460
1621
9345
8987
1515
9957
8131
2021
4110
1289
7453
3679
9397
6391
7539
7617
9477
8176
4482
7219
3254
7931
5890
1092
7079
9965
5579
9836
3777
7972
8183
3215
5075
10
7938
5606
7246
5420
4597
4191
4870
6218
3390
8725
3007
7564
5275
3926
3789
6741
8353
5519
9478
7746
1217
8830
358
9094
4287
4404
2477
5693
5716
8627
7248
1788
4330
8541
2154
856
3240
9154
9406
88
4274
8399
7329
1612
5164
9622
7408
9990
8549
3961
8511
5668
4294
5322
8595
7030
4370
8790
3394
9541
2565
9238
1006
9008
9728
695
1120
7447
8851
8564
7664
4256
3369
6209
4097
2448
6289
4582
1248
9518
7441
8617
8656
5233
1033
6893
1686
4074
5961
1754
8347
8357
6860
5465
1720
9192
4780
4302
6149
6302
2524
6487
7966
4513
1194
1815
4397
4213
1296
489
7525
5473
3877
6189
3706
659
4583
3730
2669
8365
6296
4817
4683
2267
4048
6297
8650
2133
9271
4147
8719
585
9156
2925
2171
8514
846
4871
6644
4018
9535
4988
553
4621
4130
8470
6541
208
4092
4659
4141
4559
6290
7348
4506
6678
1286
4696
6986
9205
4323
3273
4639
126
7462
9845
3344
5715
5821
1359
7060
7189
2686
8332
33
897
5344
9309
5234
2058
5971
4418
7177
5016
9603
4153
6402
8770
4317
5494
2388
5170
7089
1198
1400
8545
2484
9701
5922
9799
341
2429
2656
5010
2903
2535
6845
8464
1481
4071
1657
2676
7646
3433
2741
3477
4218
5560
9673
6494
6861
5799
8027
2482
7952
4626
8029
2870
601
6461
8379
3608
2168
5735
6707
4970
3443
3022
1336
7271
1769
1601
2581
7681
3823
96
5608
1246
6512
9
1062
60
2495
7892
4127
8097
221
659
7440
5654
7037
9133
8390
6581
7935
9275
6729
3503
1802
2779
4116
1107
1649
8688
3281
5215
5248
5536
773
5874
7826
9140
3981
5939
9043
4625
6
2777
2332
2513
1295
9598
5872
7787
503
4677
961
7727
4963
1235
5349
9002
9346
8156
6223
7027
3637
1816
9964
898
2374
2340
3540
5381
242
3349
5456
7328
8614
2895
2539
7728
7347
4667
2552
2087
6298
2812
1578
1291
1349
729
9464
2252
527
4061
6199
2681
6744
783
7071
7118
5102
6730
4644
2033
4285
3256
1198
6203
3577
4748
6117
8882
9304
7711
8899
2308
7057
9792
9953
7018
9008
6725
8169
8099
8796
7473
6343
8045
9
3044
2990
7195
8123
2423
1809
5862
9903
9863
8134
3227
8741
1358
5058
6803
9175
4581
619
2868
8931
5737
1405
2660
2216
8888
7264
1278
3714
8110
6421
6311
8756
530
217
970
1487
8769
1963
2185
9477
4607
4909
7554
204
1780
264
6284
2125
4753
7315
8351
603
2021
4236
2996
6887
7052
9964
2336
6556
7317
4647
8426
2331
2042
8587
2401
5051
2273
7358
2458
5697
2654
3839
3413
866
2909
6251
4293
3832
8443
4993
2032
3454
3700
45
8679
3549
8961
5029
6782
6104
1116
3635
2558
2706
1617
9029
9337
9890
273
7147
4363
5799
1889
290
507
7465
3788
8340
691
338
6230
1073
6902
4233
4444
6555
7569
2822
517
7405
6742
6940
5771
8842
6059
5581
9401
9834
5793
2216
7128
1454
4397
8284
4415
4568
6919
121
2410
2359
1436
400
1170
1902
9196
220
3967
2935
8573
3399
8520
1353
5103
231
5835
9514
9926
3986
5019
5405
6729
9792
2892
7948
2960
2155
543
6298
4506
4374
5033
6838
4304
349
3420
2758
4416
6889
7963
7619
7980
2523
5917
6085
2169
7024
4716
2138
5767
4389
3438
7524
5321
848
4504
911
1943
8640
5289
1317
6805
5727
7977
7706
7101
1440
7355
365
5855
8082
531
8634
8302
8966
9543
3904
4808
4039
7728
6387
5262
5295
3345
9108
2738
5501
9460
2815
4814
5422
7368
1048
9427
6686
1937
5490
8371
9704
1186
7900
5628
8667
9113
6415
9613
8505
364
830
8103
1954
7648
3564
2124
8352
8008
471
418
9664
2005
8394
9208
3371
686
4395
2965
6302
8789
5009
613
8307
9082
2502
8191
9708
1925
9134
3382
1906
6225
9743
9503
6203
2775
7555
6565
1955
8649
8083
4843
1470
1806
1211
2015
5766
8335
2121
8389
2213
894
7577
5992
2399
5786
5285
6370
6133
7882
518
8814
5397
7090
6012
5474
262
7484
8273
2258
7346
314
5827
4815
180
5137
2737
6965
29
9089
3735
4945
5180
2905
5692
4555
6466
3738
3845
9886
6895
9038
172
1689
3649
2791
5634
647
1440
5286
7607
5800
7224
239
8765
1230
7605
8563
3920
4721
1950
6396
6879
564
6135
6077
243
4939
4192
2690
7272
6379
7640
5513
6405
5697
5254
3265
5864
9472
9175
4380
7864
8672
6840
8723
9390
9354
2021
5118
9256
5461
2418
9873
9208
4751
5717
5072
199
7587
800
1828
3655
4935
5875
2926
1545
6278
706
1307
8355
364
5818
5715
2726
1709
7608
2494
6393
3599
4581
2988
3364
3970
6649
9300
2779
3994
6315
7261
4809
462
7918
4389
99
2112
8633
2326
9768
6959
2874
7807
4789
2357
9931
3541
686
2053
3204
579
5919
4798
8237
6693
57
7227
5912
1115
933
9662
6609
4540
8303
7256
923
4783
5230
462
2635
2624
7417
8191
9985
9497
5012
4253
2072
8471
1006
2625
8171
2673
5326
9980
9151
768
3913
4491
1763
7404
7683
8402
8609
7627
7083
8107
8801
8208
4203
9559
6964
5524
5827
8691
1103
9195
7673
6272
3089
3033
2156
4083
9025
10
9446
4647
613
5946
4352
9893
2766
7403
9593
5045
7199
2875
9425
2809
6496
2775
6218
9524
8224
2956
6640
9273
4104
8549
3352
4205
4912
9731
2765
9285
7854
8729
9347
7545
9460
7836
2200
7520
3729
1485
171
8001
2178
1577
7673
6525
9765
4121
4524
7051
8208
7008
9639
9194
6156
3282
201
6059
3843
1598
5068
254
8422
5747
3590
7946
4985
8109
8770
9002
7426
7656
6745
7165
2797
1771
2939
8003
2533
2531
8933
3932
4068
2354
3059
4983
6700
934
2074
1212
6344
5254
852
7639
4778
7124
1987
5418
359
8179
7429
3606
8832
553
9854
4311
4803
2548
2300
286
6746
2558
826
8081
972
1190
6416
1787
2923
1107
9166
2064
7333
6463
9907
2680
2352
8934
1865
2102
6546
5382
7672
817
1845
2930
5131
6000
9983
860
8491
3924
4723
5142
664
7060
7282
663
5827
7204
7744
8213
1143
8182
973
8190
968
1667
1565
635
6825
7489
8716
1659
1693
5430
8520
9663
7687
8971
8197
823
2110
2690
4009
2226
8001
4106
2208
2805
1832
7623
285
6709
2781
2956
3960
1157
5164
2909
3927
938
8000
5694
5165
4737
3460
5138
794
4234
8997
8050
1928
5527
6308
1792
4732
3879
3990
6655
5984
6961
9718
7060
8854
8852
2100
2747
1320
6897
1969
6190
646
6173
7813
5229
8728
1815
283
616
4715
7730
6282
6547
3316
1342
3989
8583
9454
7913
6391
7368
2526
4724
2339
8499
6424
4936
996
8538
4695
3318
7644
4736
3727
1165
6242
1285
697
5738
6891
8113
7172
338
4397
9154
3702
4724
7509
5777
5524
2003
7088
7656
4604
7364
5440
7726
8607
6037
8378
83
3136
2751
6187
9679
9576
2594
9577
499
7235
3684
2001
4539
5125
5337
215
7351
5671
1520
871
7164
9934
8306
2092
3704
1505
5763
5478
9671
4138
9260
5805
2559
6395
2511
2780
7016
5107
4871
1678
8236
8294
8346
7391
5052
7326
5593
9511
7299
7588
8778
4423
5814
6669
578
4053
4999
9200
2844
9946
7241
7850
5481
5613
5716
712
7956
9736
7074
6343
8507
7738
8362
9030
1610
9472
3146
8557
2553
6348
248
643
9053
2055
4802
6564
3799
7271
5355
3009
8503
194
2664
6153
9591
1561
5525
7113
8037
4947
6473
9518
976
540
5520
3720
739
3364
3238
6353
7738
4958
5432
8392
7209
896
411
9655
6285
5203
6436
2769
7040
6749
1320
5013
3241
1956
8335
2192
3362
2830
2589
4684
92
9220
9901
2177
7056
9460
5758
232
6739
4133
5472
8795
9733
3513
7848
35
4311
477
3783
497
7093
7143
8086
433
86
5291
7514
1411
6746
7775
518
1812
9873
522
4528
8664
7120
2508
4737
3422
5712
4105
4276
8760
6537
2606
9461
3205
9231
7396
5341
559
4068
6229
6168
1425
3528
8383
2608
4885
6273
91
2533
9396
8911
2564
5025
3315
6416
3176
7893
7093
367
5930
7438
1183
5264
8206
5446
5928
7095
6954
2482
2334
5071
9010
8441
5495
6963
7004
987
5674
850
4457
56
5558
1244
1092
1891
6047
5530
2127
9218
7081
7470
3379
5140
4488
8097
7375
7062
8584
767
4341
3531
5382
6338
5953
1288
6620
6521
9015
1994
578
8263
864
8115
1650
9720
8242
5283
2978
8832
6592
4070
3120
8828
7316
7553
4669
1067
6397
2345
23
4549
8955
9791
7108
3171
820
939
5723
6315
5
3600
3421
5736
8066
2305
8355
1871
3801
2284
5342
5660
9440
6756
570
7793
2586
2733
9831
5854
5483
4320
4916
1295
6910
4070
2928
2363
982
2302
3655
6179
1422
1552
850
2986
9528
8259
4299
8280
8965
6682
905
4000
754
626
4644
8247
7400
7027
7233
4100
5960
1714
3613
2033
6050
1704
8937
7138
249
311
6675
1920
1209
1020
618
7778
1868
3602
7143
3449
2600
1244
7881
6667
1899
653
7136
6102
5216
7972
2824
4211
9977
2168
4492
8083
3453
4085
7074
4573
4186
3754
4422
8053
6940
756
2382
3987
5810
2419
7196
9171
1
2492
1350
9988
2096
8528
5655
3293
9132
9692
3289
666
2695
7952
8817
5678
5444
4685
2786
5539
7938
1620
400
3055
1453
9733
990
2149
9628
2217
3514
397
4150
7979
2171
4983
7496
245
5344
4270
8761
803
587
5824
6988
4176
8088
3080
106
7581
5199
7127
6553
1930
4955
7099
985
6307
2272
2520
5096
3388
2505
3607
9482
6062
8399
1045
2750
6186
3119
4995
9621
4808
8992
4228
639
9503
3895
200
2287
8481
9779
7579
7804
3077
752
2308
5808
9859
1334
633
5932
1170
9030
7674
8136
8182
9203
2127
5080
3715
4389
4433
5021
3005
4639
9415
6039
9363
273
722
1109
8250
3498
3724
7509
7665
752
5491
3361
4948
3345
5354
8746
113
10
7243
8721
3634
1280
5415
857
2262
2289
8550
443
9878
7556
3219
2382
1665
8554
6713
9984
8933
2507
908
7355
8846
8695
3391
3889
7963
6831
9440
6491
1039
528
8588
7576
6845
7769
2520
4667
910
9408
6805
426
1007
6213
7581
362
5010
4723
5750
9114
2283
2292
5421
5221
9159
2077
431
8575
6271
9466
2592
4404
506
2433
7991
2524
7151
9673
3150
886
8487
2016
1142
7954
3460
4559
8855
9373
9406
9267
537
511
787
347
9437
7999
1865
7625
8953
174
9870
6361
7017
8458
2771
5440
2608
9139
1069
9770
1298
7752
6148
6795
7488
6339
8700
1566
4613
7206
9476
9534
1022
5500
1187
1338
8438
6917
4788
9281
1966
6150
5535
855
5479
6309
4256
740
3835
9499
7075
9029
3921
3938
2470
64
9745
3605
7981
3267
2951
2241
175
4581
9019
4729
511
4769
1150
5361
6653
8676
8390
4309
3474
7810
1859
741
502
7099
3181
3452
2878
5530
2122
7624
1033
9511
6287
9375
249
7295
4301
8152
5003
2533
5323
683
4593
5148
1975
9196
5919
8110
797
935
6474
9396
4213
5613
5643
9462
636
2372
5195
5876
4831
8068
514
8420
8947
4252
2546
9933
5730
1099
6714
433
9336
2691
9103
4653
5918
9591
2123
6033
5659
1426
1554
3388
325
4311
4361
57
5540
5419
2029
9111
4989
9678
7268
2399
4520
1709
2905
5645
7752
9427
535
6594
1180
4433
3069
8298
6025
8339
9716
5019
6091
3423
4114
3953
5764
690
6352
1999
9952
8298
7442
3136
8228
8587
424
8609
8752
2469
5755
9122
3633
5862
9872
5458
6316
3957
4906
1599
3308
5679
4399
2248
7093
2452
4585
4940
4446
2522
3288
5393
4520
4524
8830
3623
4052
1723
9467
7493
2834
1393
9819
9822
1199
2212
4529
4945
2671
6182
936
739
9184
622
1962
2483
3296
55
7581
5678
1682
7446
8281
5937
6847
9175
6700
5434
9518
8383
4325
7005
2399
6863
8514
9013
7140
6559
1416
6308
245
7910
6420
5237
398
3768
9622
3549
9208
4426
3549
9257
9741
1414
7844
6028
2366
5154
6946
6535
5422
4302
7965
9335
9014
2665
2852
9311
3818
2959
7766
6486
3242
5337
9077
3111
6464
2631
9861
4312
1954
3542
2918
3328
5907
9637
6356
8361
7703
1952
5620
4413
4976
8230
1469
142
4173
2381
6843
6720
8574
3642
6844
2959
4680
4062
5114
8545
9588
9463
6766
5155
6522
804
2751
3389
3030
34
3024
2037
6550
6904
6215
4991
4991
999
1635
281
5795
6263
5391
5180
5534
3702
6164
1098
3516
1597
7750
2057
7107
1572
4862
961
3509
3168
5893
8576
2588
9178
1345
1164
8033
8950
9432
4046
9559
7100
1052
30
7215
628
4696
3600
9917
8302
8198
4024
4264
2374
8240
3160
6415
4149
453
6586
9361
1781
2627
9957
242
744
1070
5962
7582
4893
5461
1122
6236
8753
697
5822
8679
9736
5157
5401
4840
2367
3591
4957
9109
5259
9402
5533
2398
5584
5460
4844
9123
5112
4815
1322
3892
6456
2667
6364
296
8164
8756
5949
4720
2477
5021
9467
1339
177
6768
563
624
2782
6875
2070
2536
3559
1642
4686
7363
5298
3758
6979
1677
4594
2560
2470
4233
9534
4283
8123
6821
75
5306
7356
8036
8169
9534
9888
3744
7758
7022
157
6604
3089
4678
5844
8439
7535
1480
8123
3473
4053
16
5647
7490
2752
3345
5007
7815
643
1208
1412
1707
3584
2416
4690
6217
670
895
7346
840
6883
1310
3393
5432
686
6442
8923
9746
9406
2574
8012
7676
6785
1031
395
8857
3841
3692
630
2595
6337
7837
1931
4289
9552
979
1731
2484
3837
9500
169
5457
2442
5821
7155
9886
6521
7630
8463
538
864
9245
6348
9138
7920
9568
5638
2645
6982
3308
1925
5997
8
2132
4509
2049
5504
254
3107
1930
7121
4569
3977
2309
4193
2941
8050
2175
7294
5446
989
665
3082
2506
2621
9172
9200
701
1139
5537
1793
1736
5651
5468
5336
2589
9204
6485
6887
5136
3211
2700
4634
1735
3418
4486
3648
9158
6941
5748
148
7040
9748
2869
9222
8583
3982
3674
1
643
4983
1778
6526
7507
8537
1534
2231
7693
9913
1486
834
5938
7617
9671
6723
3131
6390
2446
3459
5459
5993
9597
9873
228
4561
2400
9450
9943
7906
8053
159
8093
9064
3415
8703
9787
5568
3357
5284
7891
5472
4194
2417
663
6994
639
4045
9978
772
5514
9300
230
8211
5067
8598
6700
4177
9136
8438
8818
7362
4659
5292
8068
7055
3045
8246
2533
780
6790
4713
48
3259
8378
3414
9779
3528
4995
4132
7674
3653
5871
4254
4656
9483
5161
7992
7735
1130
2203
5381
3231
8478
2719
4618
8242
4892
9059
3120
1138
549
4938
9810
4409
5297
301
3562
3497
9828
4911
472
3379
3060
5052
5696
627
3121
6347
3958
2415
9087
7093
6503
5524
704
769
1285
7785
3749
3385
7458
1582
9382
1210
4890
4068
6862
7090
4325
1542
353
9016
4075
6106
2185
2937
4680
1130
6902
2865
3832
8334
2705
5286
67
3377
9482
1582
5186
8700
5520
1729
2204
2087
8211
4877
7735
6925
7582
7604
5143
5433
5320
8586
7548
9309
6116
9249
7821
3154
2606
3533
6081
4814
9983
6364
3886
3339
1410
9603
8283
9661
793
6326
8242
7263
5177
9131
545
154
5040
5805
2203
3257
7124
6218
1666
5968
1064
7543
1682
3094
8062
1054
2500
8620
7117
2635
5331
6853
1908
876
2434
2352
9335
1179
2035
4758
8929
1638
3383
7160
883
6627
9690
6941
9252
7014
4447
6178
6092
1705
9659
4641
1686
3823
2906
2165
5853
6249
3842
8778
5386
5483
9707
304
3062
9804
3757
4411
4411
7597
122
7047
9418
4341
3551
2033
7701
2265
2720
7240
7344
4944
1363
9193
9520
231
2340
4234
3338
8819
5940
8417
7905
2469
5212
231
1526
5476
7928
9903
1152
5296
6894
6579
8722
3430
7755
9974
4892
5629
6200
6243
4772
1286
4508
8751
4780
5477
762
3185
4478
3539
2730
3041
2350
7277
2412
5871
9888
3971
6551
2904
4060
4170
3036
4641
4243
1956
3051
2872
6087
1817
4060
5158
1366
9568
9293
1317
9890
870
5247
2672
6788
9804
9920
3918
6090
1679
958
4324
9399
8810
4744
9724
6710
5353
4538
9206
4902
7427
8228
782
8305
7770
4003
8421
4881
9933
5288
8798
1024
5637
4686
9852
7748
329
322
4831
1148
6206
6999
4886
377
9008
8876
468
7140
4741
9988
6795
1700
5167
3876
1477
1739
6343
3835
3024
2069
2824
822
7407
5151
1230
6980
6100
4654
767
8867
3113
6865
5083
6014
391
7685
9309
7203
680
6134
8545
9023
4439
8817
9189
8646
2726
3669
2486
5535
1102
5401
478
4860
559
9573
8132
8736
221
6972
1830
115
3163
5065
3657
8127
1047
8715
2939
2999
5497
8020
1347
3275
4146
7219
5559
8006
7069
4881
1928
1830
5021
2304
920
1395
4275
3968
5165
7470
4164
1194
3905
8259
2479
7726
8331
5934
773
3857
6846
196
6300
3960
6660
9814
9858
762
8268
5505
9090
8583
2355
5265
4964
6881
4455
6330
5082
4925
1294
6299
1233
8190
4179
9645
178
7138
8996
4825
6040
9486
9445
1514
9861
7736
9980
7104
6921
4793
7599
6534
5197
1819
7094
9779
9022
4146
2667
6863
412
2996
9938
1140
6802
3059
6252
7770
8025
8577
3960
5802
7206
3437
859
9099
9998
4049
4346
3441
4041
7253
999
4578
5892
9385
1292
4770
5781
6751
9910
3370
1503
2225
5771
408
1528
7487
2258
800
3955
5466
7382
806
2355
2984
5670
7656
1720
9302
8397
7906
7751
2284
6447
9985
551
248
603
1676
9407
4209
7301
3793
8802
2198
4034
7211
7062
4598
7486
1578
8103
7043
9202
538
3635
5316
8158
85
7883
4896
6926
3810
9374
6330
8321
1219
4698
6459
2363
3041
7238
4633
9217
524
9859
2581
2338
4051
4261
6307
7498
132
1324
8527
7575
4779
6095
522
43
5613
8335
3020
3939
4644
4482
6742
5770
8625
9777
4570
9278
4091
9871
8954
2288
9786
9734
157
4972
17
3907
3175
7748
8685
6223
3783
3802
5217
9025
7060
738
433
1572
4941
8211
2522
4865
2880
3583
683
5433
9550
5598
6803
3745
7656
6891
3524
3895
8375
9710
487
9910
6761
5699
9168
677
487
9757
762
9789
9746
82
837
8883
1797
1341
9131
2988
9715
5555
2774
4284
1203
5809
6479
6238
3
1142
3785
3616
9385
7117
9319
5032
4477
5448
3224
3863
7797
7826
5376
171
225
3594
8848
1004
7886
8310
9178
8958
3938
360
8435
9196
3079
5803
820
3247
5767
7395
9603
3882
8580
2355
3556
9090
6942
4839
4724
4783
6514
3333
8391
5205
9952
211
359
7267
6458
540
6338
9984
2559
9919
3120
3061
3896
6569
1494
9278
9455
1233
6388
3785
1639
9492
615
9676
7833
5084
4773
3285
1748
9476
7331
4517
5670
2533
5765
7251
8004
1445
1698
2342
4010
266
462
1070
1450
371
8214
36
7042
2960
7804
9427
4065
8305
7991
5367
6240
2884
9218
3597
8089
4754
3237
6162
7390
9570
3099
4931
1052
4494
4709
5836
1754
4923
1030
5490
9038
9428
5302
7510
5194
1602
162
9320
3231
3592
5451
1436
1520
5047
8665
345
7266
2903
8487
2962
8867
1984
3667
5331
5451
3762
6628
765
380
763
3589
2936
4367
7098
772
7565
3001
1392
9296
2287
2914
6971
9733
8068
650
5607
981
7079
8320
5324
7118
1344
583
9832
182
3671
8170
6991
6472
7378
4214
6385
8861
4153
975
1560
7892
24
6203
773
9956
7859
343
1195
1741
1073
8080
5442
6308
7303
265
6017
7650
2676
5219
2813
7398
7020
1582
1144
9458
7847
8421
2978
5786
6285
2145
1993
9263
1262
3919
3886
7685
9180
5735
6953
6243
5096
8088
4395
4570
7996
7256
9013
8407
7109
5639
3010
5246
8446
4258
462
7954
720
2603
7692
277
7653
7320
7261
3389
9289
7877
4567
3211
8404
4339
2178
4070
9333
9630
5892
5488
5641
6255
8302
5341
9912
5366
134
4469
3666
4259
7022
4928
7893
6912
9511
6485
5030
1022
7091
3749
1340
4140
2840
9326
4597
974
3854
6811
5742
3699
4063
1082
4746
7195
270
2350
308
1561
9272
4757
195
4926
3793
9890
4064
644
7614
556
3417
4264
5757
369
3963
7336
3912
274
4138
7075
2324
4012
9755
3175
3358
688
8873
5651
8626
4108
2817
501
1124
5380
8998
3169
192
7346
8703
3349
2251
6892
8318
8471
8264
3895
5609
7387
9666
3635
3617
227
8093
2873
3494
5177
668
8463
4162
8001
1836
1377
1090
5559
4754
8323
8643
261
141
7738
513
8431
8111
6909
516
1891
9022
2166
1713
8736
2656
4711
5238
6214
1138
444
1481
5921
9946
3397
5356
9093
3055
8839
4247
7681
2830
3923
1945
5130
2622
899
4390
9255
188
297
3347
8515
3037
9285
2291
2077
2601
3407
4718
3553
2713
8322
8854
8070
9320
1824
4329
2412
2556
5412
5718
8367
9371
9003
5121
145
4739
1992
888
7746
2153
8784
2475
9491
9585
7192
2020
8583
5379
3619
1686
538
9658
9852
2077
589
721
2427
1106
2749
2666
7074
4577
5144
9989
7503
9439
9410
7268
9964
8183
5496
7223
2390
8171
7039
8398
9734
2831
6633
4523
5119
2588
4783
1202
9819
2151
1097
1994
3753
7394
1359
5193
2186
9383
9550
4633
3622
5371
9557
2718
8490
6535
7367
1528
8188
83
869
8344
9241
8995
1043
5211
7938
6081
5260
8271
6649
334
722
1523
4219
2604
3635
1360
9315
4516
7612
2835
7444
9239
3034
5885
9422
5250
7591
9983
1569
4518
7098
8610
5597
4711
4794
762
9251
940
6840
5297
7106
6348
1457
5345
4624
2380
9270
4238
7555
9014
2822
1452
3082
2366
3897
6911
8734
2143
8381
4654
9993
4210
9662
2381
7809
4192
3259
1634
2763
6454
7337
4521
3488
9092
6006
6774
3160
9619
4925
3672
9346
7916
1615
4913
9305
2732
6100
6839
4970
5503
1027
5632
9256
602
4235
3026
8085
4258
932
6912
593
5325
7045
2802
3323
9858
146
8516
2917
8000
9392
3721
5803
6093
1352
7959
2677
9117
4290
5671
195
8553
9502
4396
2248
8616
4647
2773
8402
9418
658
8306
7659
9076
782
923
1569
8043
7574
7293
1896
8009
1263
2584
4535
4589
794
891
3190
7754
7092
2923
3434
6415
6567
9687
211
3934
1793
3898
9580
9463
5360
6643
8562
5941
2431
5397
5311
9360
7266
957
5520
5464
9094
5032
9965
9462
3084
7314
2402
1485
2903
683
6630
5571
2374
5873
6498
2766
5057
2402
2851
9549
2268
864
6971
1276
1977
2776
957
6551
3325
8112
1641
2541
4074
7341
6156
3116
1220
4376
4065
1400
8186
9165
3080
5829
5568
3824
2838
4133
6223
4195
3938
2789
9648
9514
7510
449
5056
6454
3935
2603
7338
232
8051
1298
5187
4722
2130
8143
6042
5519
7268
998
8256
4771
8393
4782
6892
4274
8090
4638
5893
3773
9622
5338
6029
4742
138
4249
4986
5976
892
6457
3231
6281
2492
9702
6881
1257
9695
3660
6702
5720
2064
2832
573
643
3928
4774
5291
3696
9505
5744
2402
5407
6813
3984
1933
8788
7039
6781
7316
8845
4390
1226
4617
9832
5165
153
9233
2325
3760
4146
3649
9233
7613
7662
535
9720
2749
2360
6511
2668
6487
3544
3234
6820
4129
6232
4103
2983
2004
5871
6864
4827
102
4900
4655
8686
3742
510
614
9536
5166
781
4103
9839
2808
6101
9763
296
8065
274
4210
6743
6851
1043
8940
5367
5962
2896
2232
9241
2315
5961
7258
2759
6513
3567
8400
6990
870
7617
2858
8164
6000
5282
35
3581
9417
2770
6902
4078
4183
1884
3557
9820
5583
2932
9552
6723
9051
3183
8190
4050
3131
3512
2976
9855
7115
7122
7659
9860
4189
3327
8923
7076
7423
6244
8648
4020
7713
2948
901
6739
9954
8163
7333
8
6101
2858
3498
6057
1558
2283
7756
4974
4375
4906
3889
3513
5102
7478
8342
495
8836
3030
3063
1167
9989
7975
5352
9968
4611
1720
6812
978
4717
7146
4542
8000
4013
3206
9023
1720
4637
1457
4841
9638
114
6845
2303
5620
572
9285
319
9798
2454
6674
3490
6288
6470
1837
9243
5739
4303
5628
4078
2073
6752
5897
1506
7942
3379
7373
8098
1423
6507
625
8221
7230
447
9249
2494
9362
220
3134
9769
8497
2708
2294
7541
6680
7176
78
1084
3891
1392
6822
7323
5943
4220
4968
5476
799
5468
4538
2842
919
9025
3453
766
2489
5889
661
2758
8527
9539
1281
4037
1763
7289
2038
9344
4904
7778
2178
3782
470
6526
9712
9646
9698
8618
5366
730
226
19
6946
4433
5186
6756
4940
1163
2202
4257
6145
9944
9315
7514
5848
8987
6328
6424
688
9984
4276
9631
3681
5364
2753
4535
115
8408
4703
719
8012
7179
937
9002
9676
4531
2108
8549
1510
8150
4201
50
7685
6500
4641
3822
9546
8854
105
7890
6690
170
3793
2594
7533
4460
9496
5063
6909
3528
2128
9027
5706
1471
9574
2877
2920
9186
8657
1607
3593
7244
8850
6342
7087
10
946
8525
8882
8598
4309
4519
5677
5400
5571
356
7924
8280
3673
5705
6178
8268
1008
716
7591
594
8078
9353
6760
5258
9572
8058
721
9967
3045
9158
1379
5240
7498
4274
9874
8760
8072
4212
6495
3626
4771
8254
6623
3091
7725
7640
7870
2530
8799
5083
6113
7977
9555
4647
8437
9333
8546
4031
9110
5574
6706
4365
714
8675
8206
1001
6262
2811
5565
2444
9729
5423
2034
3599
1815
7195
1301
3769
4940
8644
4435
9494
6487
2098
6646
7247
2134
9141
1902
1223
1749
5286
1773
7055
8766
5562
5918
3115
224
7009
5618
7278
8726
6651
8413
8496
9440
6412
1502
9344
5006
9659
3885
7831
8655
7584
2397
4168
1246
7467
4779
977
989
9015
3696
3427
5631
9449
9236
9206
5587
2752
3837
6875
3123
3625
2803
5167
7034
2052
5629
5110
4496
133
8207
1438
1756
8817
3629
9716
3158
8570
9810
850
3633
4592
5434
5176
3232
4228
1817
4237
3540
1431
7224
9497
4872
778
1870
3773
60
1401
6421
2933
5300
9427
4109
2569
1083
6035
6805
6742
6520
7099
8306
3688
8517
9499
3945
6376
3213
8677
4181
4241
845
1783
1294
6027
6765
830
2491
2737
753
693
9804
3940
3919
7494
7002
338
7549
3937
6400
409
1022
9511
3938
9196
6606
5092
9184
2864
7346
3496
8020
3521
555
9745
9701
4969
3458
7451
6677
1564
9452
591
5134
9149
3117
3170
6557
9162
9646
2787
5771
4444
9668
7981
8917
8011
3575
3337
5593
4124
424
855
3000
4346
5222
808
6347
9966
4999
428
9007
6169
8444
4167
7941
2609
6070
4966
4765
9711
7915
2016
525
9904
3555
6824
2676
8278
4904
6030
6100
7677
5669
6429
6072
9148
2612
4869
9
9804
2851
3332
6565
6690
8294
7377
5171
7029
3018
4358
6489
2353
1901
6327
4388
6433
9145
1408
3052
4714
3459
6533
8608
5958
2627
3943
3278
5221
3918
3588
1457
924
8419
3683
1362
7819
6692
2044
2933
1920
414
1578
2524
3104
9622
4298
7576
6021
8041
9573
9968
188
9583
3999
4992
5707
7569
2210
4055
1914
4472
237
3069
2430
4075
5617
5277
1620
9784
1332
6744
4222
2574
3908
5151
2075
9528
9484
7662
9267
9265
5541
1614
9790
3685
99
2594
9851
6394
4674
8043
334
6957
2056
955
3605
6682
5050
7483
2852
6012
7728
4268
1444
5828
6465
6197
4416
4965
4024
2945
4134
4031
6340
3129
7403
1326
8254
8216
1889
28
1451
4393
5538
7125
5106
9573
3910
3623
7346
4380
6791
2452
3519
566
7296
5174
5497
7589
3767
1139
4740
8322
7214
3018
712
7783
4777
807
5361
4612
2776
2324
3869
3574
1235
2001
1624
8848
5505
1322
7484
2028
9553
3653
3770
5837
9826
3420
4172
4411
8203
4579
1745
3654
7483
6153
536
658
3100
3258
6025
9485
311
462
1510
1674
6978
606
9873
3795
8250
6272
2719
1075
915
2973
1804
5662
2053
2843
872
462
8682
5096
9543
4636
2566
4877
4739
4828
7070
5225
9280
6982
1017
7851
1750
7215
7867
7161
6500
6634
7220
8559
7755
4194
9640
6419
7179
3749
5103
9334
9978
6310
9993
252
635
6169
7490
6927
5714
46
1468
3759
7827
1683
4532
9528
1801
452
6742
6806
1386
1411
2713
7890
2405
6011
1295
8982
6167
7178
3843
9051
5167
9851
4202
2317
1621
8225
5950
3610
8238
3918
229
4002
9756
5103
486
59
3251
5187
8882
3810
5000
1116
2760
2115
1760
5536
8577
3476
4734
4143
5016
7568
5199
9367
6600
7738
1804
4216
4066
9578
884
5593
8017
9277
2777
4678
7892
3938
9106
3069
9202
2285
8254
7303
8134
8255
8855
1097
4134
1880
4016
4198
7875
1526
2211
9077
4150
9094
4293
1867
6642
5100
9938
1936
4295
3673
947
5264
7028
8492
3330
404
1949
9398
4857
2210
9861
6026
9834
7771
5886
9169
8300
1001
7319
2784
2505
7201
6434
9568
9609
6584
5928
844
5819
6217
9897
7138
3901
3132
3823
9274
2888
7461
2903
1084
6165
3376
9228
3863
1617
7315
4851
9655
5499
7555
9528
5068
9843
6509
9103
9903
1783
7320
2877
5148
1990
9290
6101
3060
8577
2456
6741
7970
2284
279
4070
259
8538
762
297
7451
2065
599
5461
5827
135
3958
96
3122
1233
7384
9818
7866
6966
4949
908
3796
6376
3271
6203
8360
3450
4315
6165
2796
605
4973
880
7535
3192
6370
4908
742
2646
2534
8392
9687
8815
7641
4667
4359
5224
3376
6703
214
4529
3129
2164
2293
5281
7727
9586
6080
5253
8182
6283
1399
1060
4541
1889
4430
8554
6359
195
9488
3603
9509
5878
6586
8209
6118
2069
3011
2696
9258
9293
7155
666
1677
6270
643
9801
8351
8294
468
8213
5919
9473
6258
3021
8172
969
9081
5113
5671
8592
7264
1617
9319
9541
1565
5529
2225
9950
6779
149
1585
1973
9310
4500
2436
1597
621
4746
8146
6106
4566
5773
8273
3187
2583
6565
3049
2010
4459
2774
5142
344
3988
9976
3596
709
8192
1510
1865
2914
5983
5498
1746
9937
7177
6684
7643
9017
5549
47
1109
104
301
4826
3868
9335
8717
9517
8659
6117
9079
715
1127
8518
6957
1239
2745
3236
9899
5884
4258
3149
5214
6360
1527
7624
3093
506
800
8168
2575
4682
8409
4748
1070
2441
700
6173
9037
6985
3598
1304
217
9735
7616
6510
4363
2402
3371
8833
3819
5361
4675
3572
7484
848
1162
9675
5699
5492
41
6209
7444
3083
7070
8449
6829
5090
132
2684
9352
3408
4880
4696
9620
7113
856
8058
1322
2565
8212
4879
7128
4111
9693
3454
873
860
9894
4373
6900
3510
4002
9082
1774
4059
1153
2640
1681
379
3386
5463
4804
7091
9739
7224
1717
3957
6466
9748
8400
3098
8573
4751
5880
6733
4929
6562
7686
7870
9028
9593
1331
7373
194
5271
2836
2208
5438
3348
3963
1277
539
8105
269
7251
9941
819
4336
5061
9060
6027
2638
307
9254
646
6342
3745
5292
1789
6097
1220
7490
1251
8316
1942
5863
2064
5822
1833
1605
5266
8836
2840
2016
3088
3258
3554
8586
8117
1917
1255
4365
6713
1075
598
5985
8899
8837
9553
7724
6293
4303
8914
9883
4247
6335
7732
1370
4308
8626
3362
6915
8329
3371
1447
2587
6155
9317
8160
9419
4647
1218
4261
3840
7000
6779
8146
5353
7808
4082
2935
6444
1126
7173
900
7043
5918
9983
7012
6053
5675
9117
2259
5392
6779
4135
6520
7855
3204
9927
259
8633
3537
9539
4049
1794
9974
7365
5060
7241
7955
2021
19
690
9377
5399
4873
9097
1980
9437
2411
6596
2416
4917
442
1506
745
7284
4759
3257
9670
2903
3117
9176
2704
5424
8682
5007
1619
6028
4047
9752
5032
3165
9758
4969
6796
7147
4554
1018
4977
2416
8021
7904
9626
5671
201
6354
310
1148
6869
5554
2407
5297
3614
7560
4557
1882
6680
4846
8328
5060
3582
6645
5158
2433
1914
1796
4940
2205
492
683
5230
8644
2998
6465
9997
7829
611
6340
2085
1317
6786
6826
4079
8798
4286
3167
8190
2093
1866
1891
6911
1885
5571
7265
2705
5487
7531
6940
6800
8636
3346
9429
4282
6814
7672
6225
5086
1917
6450
4359
8282
8232
3407
968
39
7630
7866
53
4082
7628
722
3044
7108
7575
5516
8977
617
7569
1917
7169
4939
1927
9683
5110
846
4051
2141
6952
9068
2312
9612
3476
8287
7273
4820
2680
7718
8956
4324
1259
1293
9157
2244
1159
6596
7883
5184
2094
3237
4840
122
490
2125
6640
263
7652
9254
7872
7386
5111
5000
9521
3029
3111
2727
1344
5033
8965
8506
5774
411
5613
7161
9664
292
7152
8501
6764
7773
7311
1624
8221
4915
8900
4468
562
834
7114
400
656
8862
7227
3577
4954
7080
7718
49
5963
3196
3123
2141
2323
1696
7039
9501
156
8448
4625
1403
2400
5576
5637
1378
9725
7265
3625
7052
1356
5424
4239
5193
6597
2613
5759
4396
8200
8512
7968
5590
6849
5339
1241
3590
1976
7109
6366
1300
7884
7365
6985
1854
5730
146
824
2965
1299
9316
2864
2074
5709
2127
3514
498
1174
3867
7466
9712
6800
1854
4428
3146
12
8594
1194
2434
7649
5984
5629
7916
7048
4624
7062
9380
1469
4966
4303
4533
6161
9871
2037
9474
987
1397
8726
7589
3113
8145
4277
700
8527
3333
3748
9048
4337
7925
4132
4756
4695
7595
4881
6773
2012
7085
9228
3994
1640
613
2610
7238
2637
2364
6525
72
9381
6842
1020
3093
8847
4861
6663
6216
6159
7291
7337
8735
6676
5357
8477
7524
6305
3201
1495
9563
3019
5743
4016
6207
1594
2422
7323
3068
501
5342
6917
1203
4560
8509
9451
2438
9482
3426
9500
4052
4752
5100
2547
5823
9433
1705
6422
5473
1413
588
1977
6937
4404
3078
5240
9535
8538
655
7492
5160
9810
5444
6753
4851
819
8680
4048
5799
257
1856
445
4700
1420
6578
6357
3677
653
802
2915
495
5090
1106
6264
5707
5304
2913
9616
5511
2560
3167
4566
627
2243
2880
2767
8286
4732
159
1364
6549
2511
7869
799
7611
7607
3907
1551
9487
6611
6227
7163
3519
1449
9213
4540
8541
2871
2765
8875
1192
155
569
9834
5879
4941
9405
7635
7194
9302
7067
2535
2201
8141
2491
8882
9954
3863
8044
5399
839
6896
534
6620
8900
9045
4513
6534
6163
7989
8696
4389
9173
247
3897
4346
4444
6843
8804
5214
1316
610
8129
3837
7860
6567
6163
5896
7874
7122
7645
843
4785
2004
6980
3483
1300
8772
6302
3332
2045
3483
2673
4286
94
2721
4775
1355
7292
7521
9865
8290
2583
6965
2470
9744
2168
4198
7338
4301
257
472
473
176
9416
3424
3755
3687
5073
4268
603
1684
9609
4832
2415
3071
7648
9441
8087
1239
5656
8525
1860
8820
5747
556
7900
8482
5752
6389
3591
8676
4985
5437
7319
1223
7938
6222
708
8397
6155
4811
9714
807
1923
3386
3750
3745
6096
7781
7135
8941
6353
7214
2524
677
1519
1602
1710
85
2170
1908
5217
9097
7697
6746
8415
6024
5238
4135
8580
8007
6440
724
4242
1694
3898
2071
5469
2422
271
6648
1312
3893
9611
3098
8533
4895
2202
5004
3961
6957
1358
9898
1338
6999
3049
9614
2354
2016
6961
7156
726
8626
675
1271
7648
8921
6984
3612
6676
5452
8092
5006
6262
2455
9386
6675
8480
7411
9827
9490
3274
6922
5582
9340
8507
3548
8475
9514
7500
5711
1082
1622
7349
1080
5835
5059
3287
4950
6371
1237
6646
9035
5572
2906
6551
2842
6188
767
8360
9312
6789
9271
5123
8786
7878
1015
1807
512
444
4452
5912
8884
1975
2800
2227
2402
3013
2941
3949
6942
681
1895
7175
1346
4327
5005
831
2555
2399
4359
9540
9574
8976
8191
2625
388
3005
1967
8461
3625
3222
9745
9752
7249
6990
9978
1938
9826
1807
3411
3901
6059
4169
1967
7435
7150
1588
6596
9505
8317
102
8940
9245
315
1412
6373
9832
9163
889
2468
3929
8463
133
5295
206
1643
5518
4054
7596
7284
7197
511
3427
9271
1421
5480
1327
4922
2710
2134
4896
8500
1396
7337
3531
4528
6385
9372
7519
5195
2572
5476
517
8806
7314
5364
8898
1707
574
7618
9072
4397
8939
4224
5868
3663
4548
4818
7336
6467
6179
6258
3909
8060
1223
5051
2768
6336
4086
9829
1480
6773
8660
8606
8477
7513
9978
849
1807
2069
2858
7545
1726
7971
3442
3382
7166
3244
2884
3937
883
9038
1125
7318
3199
5967
2689
4103
9614
3728
5740
1614
3314
8450
267
8584
9611
9887
1176
4060
5683
1024
7335
82
5637
5992
8157
1059
7901
8250
5186
4077
9178
9957
7333
3401
6840
5137
4884
9362
9498
3807
9245
6483
3720
1598
2465
8215
3377
9547
3052
5991
6961
1717
2305
8434
7328
4115
8461
2479
7838
6952
4329
1974
8576
3733
7748
854
6485
4863
3210
7392
3596
533
7303
3225
8284
7465
230
5845
5489
6796
605
6101
3180
5823
973
2854
3996
4666
7041
5409
2959
9966
4503
574
4427
1679
3487
5313
4036
5747
2195
7783
4308
4967
8058
9312
5775
2733
6890
7325
9023
9489
7949
4584
6898
9729
5524
3231
241
8130
5781
3064
5015
7052
910
2247
3433
4035
1351
5227
6811
7134
824
6992
3242
8019
8227
5052
8931
7571
5074
470
8019
6405
7073
7147
2106
3218
3697
4174
7295
7147
142
9506
3556
6430
1964
4497
8499
4585
3833
7880
5205
7039
355
4680
1686
5684
8740
237
7753
6196
155
2027
3585
3113
9101
2287
3148
648
7850
2606
4749
3007
6052
7546
481
6577
3987
8177
6088
7776
1625
7923
2861
4582
4644
2552
3590
6794
2869
3295
5297
9927
6199
7133
2504
343
8048
1063
6133
4634
6542
7847
4783
4645
9289
9142
7074
543
8403
8201
6074
8338
8633
8393
9335
4920
2967
5690
1045
3257
6867
2940
5960
2744
4416
1282
8329
4855
7085
9371
2853
2231
8596
4203
8891
129
7364
8300
3547
2750
1440
6757
4096
3404
9483
4243
5260
6677
5339
6398
2260
2806
3100
2319
6278
9339
4101
4786
4995
2807
7298
2726
7200
3615
9678
6057
7117
664
3907
6474
1078
8303
6325
9022
6409
7125
9532
8363
13
1873
345
532
2040
4237
5684
5671
8211
5681
6085
9738
2920
5626
8943
3529
4077
3261
1366
5452
9775
7078
5554
469
6358
4796
7981
1370
7241
7794
7379
111
1882
8364
5450
6346
4768
5160
8619
7466
4936
2066
8684
9473
7606
8376
5211
847
823
3634
2725
2182
1681
8819
1326
2840
8626
6618
225
2090
8646
7465
9871
6332
731
4765
9833
5822
9878
2236
6422
4065
9141
8677
6141
536
743
627
8486
2687
1120
1359
4374
6380
8886
5451
4521
4788
9213
1758
5465
4597
2855
4065
9618
4890
3167
7884
9700
8513
9840
3927
7265
7866
3810
3637
9577
7140
3818
9823
9103
774
1414
5913
5064
3604
7896
644
7093
1570
3582
1115
6898
3142
7131
6025
4997
688
204
2658
6113
7880
631
5737
8607
3954
5521
3571
439
8129
4211
7156
6612
7821
9831
798
746
2426
7407
8671
6540
389
5869
303
3205
1031
1125
9387
2667
4195
7430
4580
5309
129
4721
7958
5330
9254
231
6659
6443
6447
3802
5928
3533
7311
7588
7229
6149
4521
2530
3404
5287
801
5928
3957
5751
1332
6723
7432
2577
2473
7677
4630
1521
5549
6547
5912
374
4177
1570
8193
27
1092
77
2426
1618
5766
2918
312
8843
7252
1522
9803
2573
7613
8863
2541
8281
92
407
2794
5473
2702
6178
6711
2304
2351
493
2697
7871
6776
1632
8635
9292
1585
9726
9289
612
7528
7478
7729
5821
8761
5014
7914
8832
6286
7079
1652
9118
2046
8105
2084
2911
8202
8242
7577
6354
3005
1366
4430
8781
9394
4265
4172
1455
4931
4750
1375
9510
2029
5266
914
2565
5555
7736
9362
2582
830
4816
3832
5857
8835
2542
3003
9767
6963
9415
9267
3834
3076
7380
7993
9024
7810
862
9772
8793
5082
1065
4135
320
3573
4044
8742
4621
2594
2753
6344
9805
4209
5194
2868
2569
9714
3099
3966
9244
2669
8149
4033
9190
2567
5628
1273
118
2898
8654
4746
7091
4902
9603
4477
4318
3603
9244
3705
1669
5880
8184
3125
5839
1242
9750
603
9490
4767
8163
6219
385
8221
964
1777
6480
9751
67
5912
2313
4770
1498
797
6589
623
9920
4140
815
5485
392
594
4099
7545
6439
34
9753
3999
486
6242
5226
621
9979
8458
8078
1764
117
9979
7192
7513
1991
2545
224
9429
3171
2581
5430
8818
6292
5559
8408
1777
19
7685
2080
3436
5942
9950
1242
9703
4400
8157
1444
8656
2010
3949
5573
5214
3770
6128
569
2186
3011
8549
968
7922
3158
765
5606
5855
6326
235
8748
4009
5080
415
7131
3206
5363
7308
4
1135
538
8197
74
5720
8782
149
9486
5282
8650
2656
6429
4891
537
8285
4795
7986
4946
7579
1408
9865
2059
9608
2793
4952
869
7569
6200
2900
344
9583
7628
9528
9526
8489
3002
7344
8244
820
7308
6999
5221
4369
488
5371
5751
5843
8230
8200
6813
4876
369
5204
3565
8420
9573
3403
7435
9956
8228
47
2729
1287
1978
9970
5615
752
4272
3448
6618
652
7421
9741
5346
8379
2182
8331
4089
285
9700
4637
5120
4689
6715
9414
5055
588
7447
1450
8497
1598
3227
1240
2291
469
4080
9304
1224
8096
4779
6562
5756
2383
1601
5755
2455
6533
4992
2280
8221
3388
7672
12
100
2285
7311
2687
3481
7573
7863
4256
2862
3402
3850
2232
962
7699
7503
6532
3976
9334
9469
2533
2990
6414
33
1186
4210
348
9261
860
3524
9893
1289
5334
4153
1725
108
9830
9644
9249
1617
2328
8340
9351
9463
519
9563
7570
246
5708
6242
5787
7034
3740
3485
2932
8817
9600
7672
8440
7521
6692
6067
244
3504
4056
2633
3917
5090
4724
1790
7271
7617
6297
8160
5180
2719
430
7028
2690
9123
1345
7184
592
2111
4809
5097
6528
9980
8010
6968
6459
2313
7710
3083
5834
6712
8725
7142
7175
7721
7289
1720
944
4137
4192
9885
9559
8628
712
2136
175
6647
6313
7290
504
9981
821
5724
3315
3984
5402
3453
9517
6510
5999
5953
6751
890
134
1318
275
4895
2949
3391
5595
2579
1211
6831
7776
6131
4623
7738
644
415
2238
5422
208
3761
8030
3156
548
4738
3761
8380
7122
6139
9135
5682
2019
4227
8968
9130
8012
3380
4589
4019
3437
3735
2005
1979
7916
2171
2516
7489
9711
4992
2404
8352
9124
4107
7072
7436
8744
7106
1595
8064
607
5703
4020
878
2343
6261
9961
5664
9256
765
7025
7684
6944
6545
5446
4395
9545
8266
6927
5069
1985
6298
7156
2806
712
1405
8681
5706
6300
6916
9959
1550
3067
6004
3221
8231
5356
3513
8540
419
7510
8913
3962
1431
4716
9355
1906
8143
4890
9584
166
5920
7558
8490
1793
1
4280
476
1898
9567
6612
3475
984
775
1783
4464
3810
5488
3358
7623
9980
3094
3964
9899
7457
3877
9850
3679
3030
3703
2524
6507
4399
1468
1001
3348
6976
2692
9291
7767
4789
4926
7694
4570
8901
3240
3160
7949
8699
6938
3565
5983
1052
1883
3055
4466
9886
6311
808
460
4016
1884
3541
8714
4242
5857
2858
2160
1625
4709
2169
1051
7653
4357
4299
3986
3566
7169
156
8090
479
1385
850
4873
4174
4262
520
2967
8400
6301
4789
8825
8384
245
246
1745
1848
5173
3644
108
8318
2997
5604
1622
8739
1946
2536
1511
6483
9183
2215
9105
7758
2630
2990
5096
4061
281
3956
8813
1897
3794
3592
7350
5256
2007
7328
6077
4489
9173
333
3149
1195
2161
364
8997
2454
653
6991
5446
9336
4457
7696
8124
3999
2445
8406
111
6876
8359
5876
4423
477
9723
1992
7817
9130
7470
5550
8696
4652
5517
5355
7403
6356
1503
9594
8108
82
2159
344
7620
5007
9394
8807
8006
8857
6058
6410
6671
1882
3569
9262
9669
7407
7107
8606
1474
2155
7928
7924
7167
2622
6493
8091
1038
4761
4566
5630
9002
2993
9222
5491
890
1105
6786
9036
2668
2019
126
9952
7954
5587
8433
5626
2821
3587
4657
9261
7795
8908
2089
8395
6211
1569
8248
8867
8651
7632
1174
9300
9038
8354
532
158
9161
5991
3484
3083
4900
9538
3216
855
9199
8401
6212
5567
4001
4508
2879
2866
5740
3666
4987
3026
6773
5142
2513
5445
8159
4353
1973
1735
7583
7348
8063
4026
9890
7306
559
9291
6694
2676
8782
7571
5844
3782
6695
1823
1123
9720
2678
9778
7514
186
9398
3674
7593
7549
836
2021
177
2869
5469
8671
3213
5881
6924
8349
9095
2990
5972
4577
2061
9237
647
5414
4154
9889
4496
4831
8345
4790
6458
2675
4829
3976
9760
4174
9286
6150
1308
719
9906
2589
7577
7260
3403
7799
7719
8069
8869
4813
9738
1865
2357
7409
977
9313
4364
3729
9836
785
7013
5769
1732
9920
7661
7074
8582
9021
904
6544
7791
5581
1521
9783
3653
5374
6734
597
1392
6439
7387
4398
1596
18
4103
2099
762
9050
6306
7811
1842
2187
9112
6153
7219
1436
5509
5319
5370
4554
9017
157
1646
9066
5049
5486
3041
3414
7581
3636
6590
2142
1415
1749
1167
6267
9308
3772
2794
7008
7550
9294
4335
911
3211
6344
1452
7069
1161
8134
8032
2632
9280
4327
5967
1042
5758
5894
6109
8614
3316
8854
9508
8908
1324
6271
628
1147
8292
9789
7146
8413
4035
1640
4120
3753
2908
5618
3879
7464
6946
791
6802
6819
507
4896
2302
279
6042
5271
3797
1848
4004
3976
6246
7636
8592
301
9875
5924
5006
8244
9151
4079
3205
8761
1777
494
7783
6581
8467
7428
3498
9196
654
1068
1244
1296
9885
8445
9804
1341
9652
6939
4599
8234
7667
1009
5824
5131
4186
2529
4859
4303
9878
5651
9643
1673
4955
4450
6840
2140
9808
1802
1015
7159
6216
897
8839
4138
7366
6600
9341
3197
4370
2464
9642
572
6740
618
9253
9532
4393
5990
5032
9043
9113
3352
3207
7641
4161
5534
4456
4957
1719
3829
3019
6169
9188
7075
1016
5296
7038
4189
4731
1693
2839
6059
460
365
8405
6578
3752
783
9544
9363
7311
785
836
6223
9664
1837
1049
5808
8830
9421
8345
6027
2615
7674
8256
1803
9950
500
1562
537
5714
2352
3680
1229
4859
627
1918
9648
349
8191
2069
1163
3399
8938
1201
4872
3826
1483
9214
7546
2928
6102
7768
3551
1251
7852
1511
7394
8831
4422
3204
8844
6080
761
1287
6652
9327
3729
5709
5849
6230
9125
5448
5296
2746
333
9014
6712
5181
2506
7484
3783
7932
8722
8105
68
9980
4887
5364
7456
946
8262
5555
2676
553
475
365
7988
3726
9607
4733
3587
7250
7531
4374
3492
2866
8063
8710
3713
6033
8688
5706
1379
9184
3612
6114
6126
3215
8747
5959
572
1245
9838
7764
4962
4174
3413
2977
2182
8493
6478
327
3267
2948
4964
7425
235
2162
2819
5833
2638
2134
3314
3041
6568
4638
1677
8297
18
4994
3457
3094
6485
414
6175
1265
9489
4187
2764
8082
4275
4333
4051
2559
9414
4049
4114
2221
195
5249
6728
5016
7792
5817
3324
8756
3022
5803
2860
4503
1157
7735
1874
6633
4777
1451
8588
9007
4892
4426
8383
3575
6708
4422
9243
5085
5296
2480
4826
3099
8160
774
9695
455
6267
1635
5964
5511
2404
1195
3102
4031
5943
3499
2966
5424
6049
8732
277
7181
1152
2196
4693
831
1129
9100
4388
2501
36
3877
2630
1273
1469
1737
8232
8893
5682
4493
7935
5153
7423
2277
3809
4239
6130
7750
1582
8715
5607
9590
6408
9449
8589
7659
1086
1740
2700
3069
7952
197
8237
2594
9767
7502
4938
8320
6808
5094
4430
281
7043
7006
7395
1915
3811
1637
9698
5612
732
68
9641
8383
6706
3673
9356
5720
4822
8258
6902
5093
7745
6709
2098
9217
8709
7257
8301
3201
1675
9824
4421
9015
6353
8662
6296
5318
3828
5501
4221
631
6359
3777
3907
3067
538
1142
1431
410
6431
4437
8846
190
6635
8575
6037
568
8189
8385
6133
9382
7215
328
6328
465
835
9272
3320
3490
3428
3970
2737
6034
4619
3786
4909
4268
4506
8303
5116
1775
7610
973
5074
4335
761
7689
3803
2218
1727
1276
285
508
4771
3311
7328
2293
6515
5337
5935
9175
497
2653
2116
8490
1650
5099
3579
6857
2533
987
2027
5252
1629
2248
7870
1652
244
1149
8103
3497
8651
1532
4817
3692
3991
413
1350
688
2130
9002
5443
5303
3196
5730
3929
4366
5852
7702
1462
4019
8450
1139
6590
3564
6227
5863
2065
4116
2401
3617
2716
5002
7626
5125
3428
4833
6661
6190
1815
3499
3271
8839
5030
5941
4428
9557
7818
8492
2662
2975
9393
3826
1082
6046
33
1097
9013
4688
4343
3748
7460
2171
7115
8609
2680
6073
9389
6445
3045
8594
6884
5873
9041
3149
330
9738
8796
8769
7365
5418
1827
2612
8685
8309
1842
66
6884
789
5368
1399
5048
7310
6768
3653
3583
9981
1725
6598
7970
7972
723
1946
7199
8386
1199
5742
2475
5872
2071
4884
8462
3172
7184
31
4804
5034
4812
8856
3962
3515
8844
5517
2492
3509
3508
4532
6836
3579
7586
9797
1379
8615
5929
2419
6129
7678
5814
4238
3657
2498
3152
7406
177
9523
8928
4297
3555
1168
9337
6100
1871
9966
4064
2954
9761
2685
5912
3250
6139
169
1527
4804
6189
2653
7389
6018
2513
9593
7415
849
5181
7695
8529
7428
8128
740
8395
6534
9760
56
5107
2741
8997
5043
2125
8050
4019
9016
2971
5077
9926
6836
9274
4460
3269
7265
2656
9053
5905
4807
5640
5677
8025
2914
9249
3738
346
2851
5333
8840
8444
292
9749
8702
8000
4733
8495
8114
8319
5213
2649
9466
2922
9492
9539
5477
219
2852
6953
1121
4320
6967
4389
2503
5893
8922
373
1418
5650
5402
7679
5706
8515
7290
8916
7124
4807
5501
3416
469
5906
9714
2597
9909
5757
7882
5053
1104
6299
5860
4506
584
4473
3323
3470
7074
772
4256
2944
2954
4514
7718
3833
7930
8943
7358
8868
1086
109
6168
4803
1989
7027
6388
3367
6283
7089
3102
6081
6292
9862
4102
2386
2549
4528
7866
2755
7900
995
6162
8449
1832
2434
7665
7434
9036
7446
4269
1569
2839
3352
2300
3644
1140
8235
6723
4119
9711
8220
7601
6454
5364
8283
4579
6844
9344
9339
6960
8825
9542
1786
4049
5778
8648
5801
2903
4638
4184
1667
8334
2267
5534
9237
3095
1903
2525
4195
4534
841
9912
221
7693
2095
2176
395
3805
2149
3496
8196
7477
4124
8403
8329
5433
694
9707
266
4654
3889
1593
2859
7975
9588
7446
6705
760
2917
3922
1993
3151
7060
5053
3543
8570
2040
2786
1418
628
1928
3214
5070
7435
8609
1020
1316
4385
7788
8129
1612
3956
8197
6452
2067
3796
8119
8710
439
2403
4298
5823
7943
5121
7049
4108
143
1806
1967
618
391
1551
3002
363
1354
9129
3897
4853
5007
2477
4949
7453
9124
425
9913
7339
8807
5154
3499
541
4855
4415
3334
3479
6892
4405
1551
1705
8100
5374
217
4132
102
8554
1725
943
1110
4765
9922
1579
7786
2233
321
7736
1455
3514
8004
5134
2250
9235
6
6970
595
9355
4889
1440
4024
1074
5979
5485
8733
6149
6327
6985
9524
9420
2821
8070
8810
4601
4078
2880
5218
3071
1770
4164
4997
6274
7828
4439
4900
2623
645
9067
3526
5334
1802
595
9174
8506
1141
5951
6224
4921
2048
701
8742
553
722
7454
9585
7573
2874
8737
5606
9754
8844
8149
4749
1611
3412
7490
8782
5373
9735
1675
6227
7901
7789
7714
3628
3087
6444
8826
9734
3904
4874
9833
6387
2304
3407
5375
1965
4439
6083
8219
8047
3336
7240
935
7688
1051
2224
577
4117
7585
7999
2633
1989
4427
2844
7486
9432
6402
5611
9902
8022
6748
4066
9634
9568
6789
8738
9164
3123
3405
3394
2773
2987
4611
5762
9701
8638
5993
2450
2955
508
8475
148
4506
1306
990
1136
7066
1199
9937
4894
2396
6566
1043
9179
6219
6301
8214
3300
179
6623
8266
3559
2019
5282
57
5785
6167
8636
1474
2769
8264
619
7946
4975
8818
871
1761
1413
3111
414
2275
3785
6805
7183
3337
1085
9233
444
5699
3738
9288
2661
9039
6045
2036
9751
286
3222
7693
5804
2426
4630
8447
6359
661
7935
2773
5068
885
9901
1320
2243
8794
8230
3255
144
6638
5502
7015
9128
8596
594
4842
810
5096
5188
6158
9232
989
2982
886
8720
2439
7022
158
7562
2618
6242
8490
9970
6870
5705
8483
4840
3862
6343
6358
8796
430
9015
4267
2685
4314
4645
3159
5262
801
6837
8261
5144
6386
5934
7703
2281
5016
3759
3685
3170
218
6448
4729
9827
9471
8709
7012
1148
5537
6615
2568
6681
3177
7604
2218
7084
8640
5742
1496
2576
3645
7509
8555
536
5172
8373
4053
6078
7336
3246
4366
4911
1841
4537
1117
6067
9071
9974
1987
3215
2760
8633
26
7157
7336
7671
1290
8863
8563
4150
3535
1921
4878
6037
1878
5650
8962
3978
903
5263
6513
759
6499
3486
1914
8511
4882
8785
8572
4642
700
8990
5060
6286
922
5511
6870
9560
6266
2554
7595
4379
7356
7819
2645
7722
8482
5975
3243
8279
7878
3917
8357
3220
9766
7248
7488
3476
77
739
7773
7337
4689
1639
4742
3484
6344
3585
7250
3588
3951
625
3592
1529
5917
5387
7624
983
7329
2802
816
5617
9367
921
8631
6472
8142
3381
7308
9233
9310
3845
261
60
4284
1346
1592
2368
3634
6892
7970
8568
3347
5900
9080
124
33
8087
1155
6506
1876
6286
7749
8611
3127
8324
6812
5052
1315
1588
3385
365
7972
8170
2791
2595
5647
9623
69
4021
6240
4235
7558
2833
8308
6502
4073
5452
3855
7966
5880
8897
8375
995
1819
114
1386
2213
2354
4473
8601
266
5067
8824
969
3427
7174
5406
312
6111
9005
1686
6069
9827
1080
7766
2714
3276
1399
7400
2848
8399
8875
830
6653
3974
3461
7683
4444
6081
3441
5991
5361
5193
5614
9018
1943
2967
4658
5041
7227
7896
3802
6473
8341
7908
156
3818
8135
9725
4518
6796
4267
9339
7284
9697
3413
5298
9218
538
6779
6697
8253
3887
1915
704
1271
5402
5010
276
2819
2026
7294
1306
1128
5576
8945
9868
5465
9042
3997
4441
7849
4244
140
5053
6457
6763
8019
1127
7682
9025
5653
2476
8723
5239
4959
3379
2836
2564
8979
7967
4940
1272
411
6223
6116
2987
4287
3863
1758
111
245
6034
9589
1460
2745
4373
581
8810
788
9267
7951
6581
2209
4345
6798
2199
1481
8220
9736
7811
4088
9275
1895
4972
5015
2891
2059
2702
3651
6936
10000
