8096
7827
419
8966
9727
2539
3233
6261
2323
7125
1526
3691
3768
2638
8716
3300
9267
6500
1446
8984
5581
6807
3747
8271
7139
3120
969
1870
7257
165
2726
4082
144
5271
3629
9935
8403
3896
1605
1610
6361
100
6274
7602
1683
475
4000
2940
6469
679
2021
7714
4313
3483
1350
4240
1642
6034
7037
197
64
1882
4805
6277
1431
269
5087
2054
8849
1144
9049
3071
4958
9419
6307
5444
3480
6111
753
1718
1237
7158
9131
3112
5635
2964
6845
8864
6943
3006
6833
2918
5630
200
302
1862
2452
9163
2612
5739
3063
974
3652
5095
9474
4594
9691
3478
7885
1720
2885
4494
6090
7515
5338
6461
3987
4402
6971
5750
7524
9895
299
1962
9861
2310
674
4226
3465
126
7545
8135
3414
1750
855
7079
5262
2471
6812
77
494
4541
8979
599
8803
4443
3859
7321
9213
8685
4989
8281
1418
5738
5899
4482
4622
7093
276
7619
3604
4855
7141
9334
823
6758
9915
6149
8906
2042
901
5070
77
3254
6872
9743
7771
9689
7211
5999
979
7938
3385
8649
3697
3811
7381
8445
285
7746
7197
9311
2490
2757
9462
1100
5435
9964
2850
2448
7960
1763
1045
1590
7372
6857
734
422
9870
4493
8350
8520
5702
7527
9078
9389
2455
5201
3051
736
780
6910
6583
4253
4342
7641
771
8085
9791
4260
5904
6912
3182
9364
7707
419
6388
6039
650
829
815
2529
4318
4095
5967
560
1122
7413
7295
4862
7536
7744
1143
4296
6476
2232
4589
6905
5424
1554
4504
2220
3496
1559
3268
4168
745
6832
8200
7065
4696
2260
8025
5343
2383
5096
2456
4888
916
539
319
187
6054
8467
7565
6813
6134
7531
8980
3226
8260
5602
6431
9348
4678
2269
2094
1900
9928
9943
7250
8146
3525
5025
5985
293
8680
9522
8372
2609
4903
6531
9609
2067
1179
99
9938
1195
6872
1086
5197
8754
9498
5878
9350
9834
2086
4070
8447
2009
7955
4554
146
8319
7440
6852
4101
987
9357
5974
6359
2068
9779
4625
5217
8458
2111
6134
6909
9126
5380
5146
6967
1794
2126
801
7128
4804
3402
8917
8266
7475
5969
5498
6960
8822
5982
3799
7070
228
4217
1125
7929
2358
196
9568
7651
443
6445
6955
3426
4869
9565
428
669
5999
1795
5286
9403
3072
5302
5980
9372
7126
1579
4483
5027
6975
2
3658
7736
5444
2858
9686
5385
328
8971
8148
8859
801
4433
2934
786
5392
6872
5780
4450
2063
9211
6964
9749
4393
9915
4424
8713
457
9376
9441
5244
2551
6249
1869
2450
6636
3317
6882
6245
76
9784
8227
5717
5068
5756
23
9184
2996
5120
335
9835
1903
5030
4897
6358
5212
3778
8693
2091
4936
3949
6374
867
6659
4442
9924
8937
6814
3214
3423
165
4959
2391
276
6016
5101
8793
7857
2765
441
5827
8169
5837
5354
7245
805
5206
6921
9290
6293
6406
5826
5405
3694
8815
3118
6859
6275
6651
4936
3393
2971
8362
2089
324
1409
6947
5145
2383
343
7169
8571
46
5463
5568
9359
1087
2786
5735
6604
8668
8076
4388
8494
7385
9077
3463
2331
407
9746
9644
1348
4065
2110
5543
9339
1097
1912
6089
396
97
8758
9581
6446
6688
159
5355
9653
1408
1533
9020
298
398
1024
1834
3231
7581
8803
2943
7668
1211
5435
1917
5725
3450
2823
4322
4842
8911
4281
4893
8065
7005
7347
1281
3964
3359
4118
6345
4958
7580
9058
8445
8734
8199
3528
7346
2559
756
9603
7944
4340
1690
3130
5290
7507
8921
7458
2147
8997
9861
4751
4669
943
8941
1414
2692
6992
9686
7778
8620
3669
889
9911
2880
5601
2469
3177
4566
1055
4260
3004
3011
775
136
8210
9762
8841
644
6197
726
8966
9639
7333
5073
3465
4274
7921
928
4989
3148
7312
7807
3045
4419
4902
2348
8287
4243
7037
6911
7655
6047
2178
339
2495
2797
5057
6367
22
7725
7032
7945
5679
3740
344
5096
277
8174
8585
9843
1137
7406
4289
4192
899
5453
7320
6208
1139
1653
4435
4813
477
5194
1283
6080
8496
8456
2965
2542
7427
6847
8231
2298
3334
167
5444
6543
7296
9379
5469
2582
4962
3133
7829
4326
9786
364
1656
3819
1208
8874
2243
5451
4131
4917
7314
9133
121
5508
4544
9984
3961
3418
3311
9808
1404
4635
9164
27
5279
9464
9082
6629
7469
1345
9260
5142
3693
2004
4822
7722
6509
7587
2663
4991
9536
8091
4442
2452
2441
1547
6633
5013
1992
5208
8511
3449
9129
8277
6943
3451
5883
4606
8972
1352
8763
9230
9283
563
7228
9598
9873
9309
6766
930
3506
3321
6229
5264
866
6835
8127
5438
3706
1433
8791
8497
2755
5075
2531
7850
9661
2996
233
9855
6825
8057
8178
8479
7623
615
7312
1141
2224
6998
6667
9954
976
1286
7188
5179
8155
7231
3831
1904
3779
5893
4472
6715
132
9838
3903
8438
2671
6606
9986
5900
2055
2536
6903
6114
5188
3035
7364
8283
8377
6907
1616
2579
4959
426
6140
7787
3097
1536
9062
8600
6820
5749
2435
1584
4860
3116
3822
8661
7333
9976
893
8335
9907
111
3109
7820
8734
7388
3995
3728
7136
6030
5983
5047
6798
5212
7378
9768
2039
1889
7563
5700
5657
9425
2298
6761
8761
9934
5641
8373
5047
5037
8866
9430
2046
3189
9579
3777
8013
1673
6193
1123
3332
7905
3860
5879
9582
7781
8073
2548
7740
8475
1185
7970
9387
9275
5342
3981
1228
6890
2501
8874
3784
942
8541
2395
9657
1308
3832
6985
5441
1438
7016
7452
4039
795
2308
2330
924
5176
3092
2815
8710
5821
6270
9353
9280
6942
2451
1701
1698
6579
6823
5613
7124
7555
4345
8150
9039
3686
747
4098
8249
1389
7782
7929
7300
8357
7113
9343
8253
9077
2311
5537
1060
1599
2521
46
7192
1222
4546
6239
4623
4513
2320
3390
5784
1434
4055
4592
9702
4269
7698
8753
3145
9501
4753
3388
3343
2817
1035
1003
6586
8041
428
9480
2846
7917
4386
6082
6474
8426
5530
5420
6940
8551
8488
4067
1657
4319
4869
8362
4959
9281
2173
7400
3469
3632
8332
180
8305
644
4561
4497
8819
2238
9279
5228
917
5128
4927
1411
5373
5236
7726
4716
8040
817
7619
6766
4339
4118
1965
9114
5028
7274
1908
7631
8857
634
4746
2560
451
726
9160
6562
8509
686
2653
5697
255
8118
2206
2478
2948
4072
9814
5891
2242
2127
4293
580
166
8394
9570
6279
2622
1674
7505
9012
7393
7960
238
7584
8896
5037
3029
2446
5155
990
3604
9151
5827
5115
8154
5301
7475
952
7274
8141
3761
8912
7390
9776
3746
351
4521
8338
1047
5830
7570
6413
270
7781
7759
2502
4824
1821
9349
7362
1983
1573
4268
4727
6929
8980
9953
5057
7354
5851
5322
1740
4181
2643
4581
1499
1993
7318
2332
4585
4797
567
6330
5837
8949
3593
6152
4645
5209
1257
7036
439
6227
6419
8177
446
4030
1010
3909
8157
4519
5566
4352
4179
2424
1752
9338
5978
659
1741
5754
9397
2652
4229
3765
2749
4813
9331
1847
3824
9039
3636
3995
1181
1916
2304
5071
3732
8116
7236
1834
6830
347
9073
7876
8810
7219
6059
436
9232
3369
4662
5846
9000
3272
5234
8236
2908
1333
981
3046
7220
6030
38
2867
8423
5154
8536
8217
4430
2542
7222
9918
6199
4062
5392
2960
5988
2078
3694
3947
8273
3152
1711
5535
739
3289
7116
1609
5697
8718
687
6414
6774
7854
5499
9285
1782
1903
9188
4218
325
7373
5363
108
3864
3650
3947
3166
6718
2763
522
7753
8813
6476
1591
5681
4842
7912
6079
6881
9954
1079
3366
6271
9084
1856
4692
2626
5614
8270
7838
5332
5158
6230
4683
3986
1980
9259
7425
3992
8788
7255
2064
8538
5467
9780
7063
3642
8692
4011
1044
8313
2298
6082
5819
6278
7797
7273
95
9259
5472
3286
4801
4284
9143
5637
3136
9146
1840
9116
7144
810
5423
8229
7925
1296
4462
8508
8431
4341
3590
5725
6199
4048
7964
7111
8342
3626
8496
3958
2669
8304
7056
4190
6870
1583
1986
6865
2406
8066
951
7928
906
9306
6418
8021
8714
1332
8838
8642
9534
3823
4026
2546
6045
1248
4128
7926
8837
5731
6100
3602
5029
9877
7672
4215
9549
5332
8403
280
9200
9492
2620
7793
3364
8418
1786
6104
5472
8763
6153
735
6226
5329
9445
9923
2947
3711
5744
9816
9421
9416
4753
3447
7120
5843
184
2868
1790
3546
6135
2187
9053
2312
8028
1608
8881
5779
7900
9051
1591
5518
8691
6444
7367
7853
8514
2355
7184
2007
3867
1264
5544
2606
217
2517
4389
3074
9471
8715
3230
8966
6467
4178
2624
1932
811
8979
6892
5653
6134
3011
7242
4845
6167
7564
8305
7211
5892
8985
9496
6097
6486
100
7592
8514
4762
331
8461
9192
1383
4662
3929
6373
7249
4972
4495
9152
4145
4627
9765
9376
4006
8679
6296
3308
929
7561
6868
9602
1495
1699
6130
467
1856
8161
5006
2334
4565
8126
309
830
4195
5742
6600
2402
8405
4769
4470
1547
321
9295
3164
8294
8820
8767
5748
5292
5665
5604
1844
7676
2266
5718
6397
1750
4326
8450
2886
427
9596
2580
5932
4377
2559
9395
1354
7857
9962
2088
1374
7340
2827
3159
8907
9207
3812
7972
7644
4
3609
3099
3971
9095
6440
2699
2712
8853
2667
4794
1109
2012
6014
2028
4528
9231
3965
8253
2930
2525
2556
3118
9351
1783
927
1737
331
2301
6788
5449
3501
975
1243
2723
9424
7599
312
6323
3147
5589
908
4001
5937
3355
1059
5189
9166
3556
7693
5420
432
2492
460
3561
6665
6028
6745
4293
149
1594
1269
9783
1233
8061
3507
9958
5799
6573
7507
399
6482
5798
1659
520
4127
4460
444
2380
9958
2528
6265
2262
9571
9955
7091
2978
6997
8510
4837
4748
817
7873
134
6456
4574
1947
1499
7120
599
5107
745
9453
9749
977
1946
3596
9546
8256
8247
9241
9741
9089
9406
8681
7392
5539
3040
1636
3243
8821
4281
5088
7389
4132
1760
7821
5002
1146
2682
9896
2226
6561
6112
1829
8283
407
1541
6933
2279
2288
9308
2955
2242
7200
496
5906
9519
3108
6576
9853
3814
4087
3248
1272
2885
3513
8668
5570
6162
1505
3591
6376
3458
9634
9820
5279
8272
3778
3789
848
242
2906
4114
967
2756
7594
5524
1773
9885
7084
6676
9843
1438
7845
6091
1641
6145
9748
8663
5708
793
8203
5035
8588
7442
1924
7485
5065
1805
6319
8939
6931
3294
1955
6199
2208
1318
6022
4547
8508
2973
2257
8534
61
4451
1421
2916
7824
2198
93
8479
6020
147
256
9804
6527
6181
5993
5886
4550
4419
6421
9978
5204
9845
5964
2030
812
8380
4014
5640
3010
8549
6103
1582
2054
604
7806
1668
8148
5118
770
9918
6044
5916
7516
2874
4692
1515
7934
7237
8296
5151
5770
955
3775
5973
7835
3407
2338
2981
2122
1353
9636
8901
3597
7
9797
3357
8032
2711
3546
3385
4909
8496
9542
4656
176
4111
1119
8611
8431
5953
7658
9085
1966
7816
1004
7030
1034
2347
2493
3424
5678
7671
5482
8573
4527
5770
1549
680
53
5903
5965
7750
2984
4584
9470
4710
770
3477
8911
1950
6329
7919
8883
2400
3657
1729
153
1755
6278
8484
8349
447
3044
5460
8168
6602
3307
4121
4192
6349
116
183
9275
1595
5754
7050
5447
5632
8674
8734
274
3809
4694
2255
3699
9920
8161
4922
6549
8886
726
8958
2066
2900
6363
4429
6122
1254
1297
1618
79
3748
6643
5647
2674
3793
9701
9403
3729
108
7112
5651
3051
5255
9380
5586
2421
5165
1596
9004
7242
6272
9669
808
7113
5915
4812
9583
1357
7264
1611
6645
6381
2169
6605
8127
6601
4070
4970
8435
9677
8385
2653
708
9752
9622
91
8810
9536
2895
1507
5802
3160
2482
719
5864
6986
1584
355
177
4764
5566
6436
2428
6927
5604
4401
6275
1141
867
5813
5364
2729
5193
7218
6300
9090
8504
3948
6361
1805
4163
1990
687
3772
919
498
8142
6432
2128
5994
1173
3888
5535
6843
2555
6560
4051
3232
1141
6933
1700
3519
9476
3871
9166
2577
8443
14
239
1553
7984
8859
3860
1321
8405
4241
6428
3826
3733
5169
5577
6518
7194
3211
9719
5104
8991
7971
7311
8982
8250
8581
6024
1863
4267
5606
4769
7353
6981
8238
896
5552
2996
6290
770
2086
1410
5086
4412
5415
3200
4105
3937
1760
8979
6942
1077
9505
2597
1053
1283
6591
2189
559
589
5039
6087
4427
6721
6526
8287
5282
7761
1701
7055
1252
110
3800
689
4341
2438
4053
6464
4058
3870
2346
2339
4293
2719
1663
6149
4744
6768
8935
3681
5622
7309
8103
5280
5786
6918
3432
471
9998
5322
2428
1431
553
8587
8042
9097
2206
4353
9297
205
6981
9863
7948
9609
7264
135
6337
9851
1372
766
8202
9167
5711
3616
9910
9831
1566
3858
4266
1087
2605
3758
2902
4771
1253
1943
6078
7182
8217
6891
662
7748
9680
9905
8036
3608
929
5937
3743
9358
3502
272
9768
2889
5364
5326
8557
1506
49
4564
5084
7331
1228
9923
9592
7365
3758
5004
8988
1521
892
8789
9309
1458
33
3660
5128
4091
6217
7094
4371
6289
3280
8580
8573
1463
7623
1997
9318
4491
8390
9007
1307
8754
920
833
1336
7917
7417
4229
295
5545
9898
2395
2236
7633
5714
3138
544
6704
5195
4666
6297
1249
4282
4077
8003
968
2444
4796
5086
6543
7587
7034
9717
2463
5207
9654
2902
2810
8616
2759
1089
2871
704
7780
8966
3894
5412
5875
2658
4440
8851
6046
4999
9342
5854
1545
1261
6519
7601
6852
9313
2625
9950
7786
2966
824
113
4186
1057
7876
1377
7967
7655
3134
1745
9350
740
9083
2550
600
7649
1594
7380
9687
5670
8192
9965
5960
5248
4350
2097
6124
1447
1051
9073
1625
6574
1675
696
7850
3125
2659
448
1504
1603
312
4071
4957
2199
5650
1511
5415
2753
218
2962
2350
8035
8459
546
8786
6936
6395
2075
760
4874
2130
2304
4558
8432
1021
82
3175
8056
7190
6907
1851
2491
3563
3514
7509
5582
4546
6352
8463
2016
9074
5052
8829
3660
6857
5341
6780
2250
7364
9221
6957
7356
9308
5718
5160
804
8246
998
7783
9990
1246
6250
9364
2952
548
5344
9085
7411
2621
2031
1106
4546
5094
8157
4195
5775
1672
249
3289
7441
4329
1674
9327
3972
2808
1583
3999
4826
3816
9804
2878
4322
6124
8989
3828
6325
3268
1422
7542
7679
2510
8122
3598
5261
7329
2123
8531
1579
779
6170
2046
2965
8799
7436
3751
2555
5777
8337
5557
7515
9485
3026
4229
6263
8908
3750
4502
6777
6386
9866
5628
1545
5030
5041
3257
8147
3411
4915
4165
7062
2159
8353
3472
9859
1304
278
2748
1632
2924
3051
2657
1264
997
6390
5657
1907
9230
2867
2668
1934
8065
7204
2595
3517
4070
2761
5142
2006
8500
7904
5409
4315
6918
8242
3473
8618
8471
8149
3329
867
1666
6409
3386
5846
3295
6357
5026
1798
8549
478
6680
8005
3295
3033
8308
4145
3986
2040
5222
8710
6746
3647
795
1347
4802
7816
4741
572
2606
4085
7367
3995
5770
169
517
2919
8224
4154
2721
6987
1906
3118
9517
7410
9720
7178
9858
9211
9489
8133
6056
3950
5241
6174
7813
4397
2221
6443
549
1764
3778
9615
4448
4266
1494
7141
3435
3022
4736
2305
2641
7606
2203
2821
8824
8908
5972
9352
672
1417
8045
7020
4961
493
474
3766
142
2752
2756
220
1055
9325
4390
673
7242
2381
6230
3655
2560
5085
1596
3670
5684
3924
6961
2709
9468
222
2501
1310
2124
4575
4760
4125
4691
3928
7287
4241
7393
6057
188
3818
2097
352
6269
6002
9358
6934
9649
4532
6272
8422
2586
2974
5731
9916
7595
5092
8583
3167
4903
1510
7649
295
9778
5532
6607
922
328
2740
7340
4134
4006
4834
6491
3286
239
8064
5707
7351
7340
552
330
7239
4212
840
8135
9328
1176
2061
3120
1280
9751
2271
9351
7177
8170
1711
6351
9970
8010
2004
660
9291
7432
630
7834
1787
8204
6450
5365
9327
6955
8430
9805
7636
5906
326
704
4238
4703
8586
9894
9939
2926
9431
7117
2498
2328
3740
2022
4650
8963
5162
8167
1143
7933
7682
6800
1112
7728
3784
6932
2769
6850
3283
3493
7104
2733
5953
7192
6124
1868
8112
8137
8998
445
4504
227
6405
6860
2017
4850
9371
990
1013
550
3921
241
3425
9938
6992
9115
4136
6396
2234
7229
3602
849
6533
598
5243
3282
9425
2324
650
4543
7909
1793
9342
1464
8599
5977
7492
2366
7626
2520
1808
606
6289
1873
599
975
7010
4989
3926
7490
9868
3787
8721
1401
4709
3947
2748
5073
7608
3453
3379
818
3354
5752
3287
3730
7529
3391
5379
4081
2747
6568
3536
7983
3660
1143
4094
4609
4474
2373
5335
4558
845
3850
8790
6683
5320
5973
6587
66
1733
4632
3738
3730
9365
8732
2836
9150
2081
4705
1380
9656
1151
7185
8704
6409
3006
7684
296
2813
4798
7270
2213
7915
1307
5020
7244
4653
6454
1326
7477
651
1514
4003
5022
7654
9956
5599
3792
692
5765
2304
407
9576
8099
8417
1621
3432
175
5465
8933
3630
4380
1744
8485
1705
8806
6316
5777
6619
2605
1311
265
95
8888
7742
4480
9627
4249
3010
5929
6270
3405
2753
7800
8327
5943
5756
6183
2656
9706
8306
7423
2475
1972
3498
9062
4267
5239
1819
1806
6661
9171
1596
7966
1023
4075
1819
3905
6891
4101
5237
147
5362
333
6682
3049
67
4879
99
6153
8477
7144
7898
7713
5931
2565
7957
3246
994
2289
6810
8448
3557
9461
2420
8291
6410
4146
6274
2738
6946
4229
2499
8130
8116
4070
1187
6016
6799
6201
4200
7950
3320
3851
4322
5631
8050
3762
2845
643
9695
9367
6419
6990
5207
4189
1294
2682
3066
4085
1982
3656
95
4839
1794
4505
6967
8525
4715
5653
9049
8049
1629
5924
7375
4325
9061
2731
9151
4654
5265
9565
8455
4049
6761
1856
5555
3486
8206
7846
7618
356
9916
674
4497
6754
230
1499
741
675
4462
1225
9036
3665
8222
146
832
6010
523
636
7118
7199
1284
7945
5997
5015
8583
8080
4012
1394
3331
9789
5004
6964
2922
9736
3711
9037
849
6098
1274
9763
6261
6029
6346
2142
6039
6689
8618
1615
2057
7885
1200
100
8007
6738
4546
7489
3405
1277
7385
2870
7229
345
9452
4023
9983
1812
6752
9122
965
9708
2518
8982
6979
3616
6109
1680
9820
410
7637
3924
2470
9279
8311
5178
8159
5836
5186
1181
2164
115
4293
3291
3557
6215
7971
8817
2983
8495
631
5438
2986
307
2156
9666
9407
6510
9669
5331
5938
235
6498
3114
9044
7726
1824
6252
7168
2472
5723
723
6353
1282
2100
451
4268
496
6335
9368
5981
96
5410
2540
7752
7109
5708
7980
9653
7432
7761
9258
3854
6939
7762
6566
3056
8588
2876
516
2741
2128
1048
8610
1667
6959
6329
9069
7322
6715
7570
498
6976
6239
1749
8728
359
7719
3150
4108
7035
3018
6181
3484
76
3435
2668
1185
7792
6526
4164
2415
6947
1947
5997
637
4145
4790
2594
7783
6885
5363
2941
2394
2172
8957
954
6185
8493
7792
8017
3944
6473
38
3964
5142
4607
7553
8377
8207
9068
4845
6240
21
795
6637
710
3845
8812
356
1020
8662
6039
2929
5438
1673
2751
8289
7529
3594
3257
3192
9023
3282
3381
4122
4057
4230
9906
7321
7704
520
8246
7340
6319
3912
1316
6880
8497
6952
821
2140
3167
9196
1983
3431
5761
4946
4135
373
4220
1271
2504
4649
4163
4503
1064
977
6489
1864
2343
8755
1356
2474
7751
2644
9569
8547
1141
245
6196
3299
9097
9001
1455
6811
3744
2449
807
4883
7755
8046
9567
8790
6663
4918
7332
5765
601
107
4051
1025
6149
6137
2669
2200
9091
1068
2914
6147
582
4588
7036
6286
2478
144
1085
5859
2375
3663
4659
8775
5324
3935
7954
5108
7076
8437
7433
2695
3250
1036
463
9814
9876
4798
4842
6418
3370
3955
1331
3064
2214
3966
5996
7313
8359
7593
4468
7129
3664
7880
2069
9604
5596
6055
2152
1196
6819
3484
9989
2576
5330
2028
1054
7205
5351
6406
676
7758
4311
5517
6653
8668
7952
7046
7670
6219
3834
1158
8143
9843
3339
4571
4444
9601
3639
5904
8377
5163
4040
6838
1252
1037
5620
1308
5932
1297
9130
6744
4808
4571
3771
7187
8861
6716
8632
8007
6624
4219
9338
5907
2205
6160
4773
5901
8335
6314
2602
9061
3829
9884
7785
935
4820
1243
5247
781
5659
60
6451
5994
8449
3243
9756
4462
9889
9231
6092
9956
262
9350
4792
2138
2227
8181
9188
3268
6422
1171
7982
8278
6748
3127
6330
3525
742
5584
83
2254
9425
4598
7697
1525
6619
3012
6945
6250
9920
2881
7752
829
4182
4403
8240
7849
3686
7444
8360
6330
1000
549
4390
9078
8959
180
8008
9836
7133
9863
5635
6158
5722
4888
7340
3169
7884
3280
9700
6713
6185
7857
3694
1804
44
7368
7000
3706
8881
6934
9826
4541
9966
9329
4822
7852
925
8976
4542
7224
4284
9990
4437
2766
5517
8044
5407
1010
6595
3428
7590
9618
4261
9243
6239
8209
5924
4368
1297
521
6365
5579
4587
1185
5306
6971
2422
2450
9289
7724
6876
2337
1275
1165
5946
5916
7926
9061
1426
5664
7617
5134
3405
5175
1874
901
2034
2927
9181
5105
415
9213
2862
5254
7315
9907
4077
6071
4756
5282
6929
5031
3501
772
5082
9573
8931
9230
8390
4068
886
1064
3574
7179
3674
9390
5190
1843
6623
2307
1816
794
1332
3286
7695
282
9055
3746
1901
3429
572
8911
5504
2535
1288
9232
2195
6571
6365
4836
9344
6085
4193
9742
4580
2772
1685
5908
7623
5110
1537
4571
8332
4605
9866
3798
9708
9440
2435
6674
8944
3613
9073
4148
505
24
8819
185
2724
5377
2822
4586
3396
3269
8121
612
476
9356
2998
356
1126
9149
3866
723
6098
4604
4319
6828
6690
455
9366
7620
8406
5021
1685
651
8799
3071
2213
9023
7011
262
4366
3783
8998
9668
9768
9256
5567
927
3468
7193
9997
1689
8341
7957
8210
9186
1615
3454
7300
7009
1248
7011
7508
8450
6318
15
8685
3156
3460
3719
4745
8235
945
7394
8619
8475
3017
702
5860
2848
9756
9053
7169
6118
1919
5564
8850
5024
5948
2214
5488
8242
1681
5801
974
8156
4143
1374
2437
294
1251
6985
6569
3237
1282
8776
9424
7776
7481
4713
8798
9159
2355
8593
3019
361
855
3342
1151
7500
9920
4088
7421
752
1661
7005
7024
5422
8850
9494
1353
8165
4305
931
8193
2828
270
894
6440
8806
9967
3566
5495
2400
1101
2836
6657
8255
290
2503
7553
3647
8186
9958
909
3098
7290
9732
5855
4618
8424
5367
3309
1734
7200
4223
7006
7378
8861
43
8236
6700
8427
2337
5476
5916
3190
18
9734
3428
6326
9082
2670
7594
3598
586
7323
2801
9984
5721
628
1771
9408
9309
2802
7385
8707
1742
1185
1753
6465
2069
5095
3740
8411
1683
3912
8680
3703
8934
2732
5677
606
9843
8648
8495
5842
9082
6025
5847
9170
8371
956
5626
3670
6555
3503
5544
2615
6740
1311
9510
5835
1088
9686
5115
2029
3127
1356
2601
8614
783
3771
9840
7397
693
3028
979
2587
5874
1287
8687
7499
4274
8890
1210
7672
5355
3302
5809
1062
5501
4474
9582
464
708
241
7167
9397
6841
5977
2341
316
3514
9901
7178
3170
7582
9106
8081
3124
6181
1718
2744
8545
7250
7405
5900
4240
7570
1860
4572
370
4496
891
5468
4476
7751
6226
8146
2601
1927
8303
7629
5633
8672
906
9249
8676
9917
8793
6686
4510
9980
2186
1408
7017
4880
1386
7982
6827
1765
658
5152
9367
44
3011
6924
5020
8470
6518
1460
2145
9203
8447
8078
6339
744
5599
4287
3530
6468
7981
5470
208
4482
8242
9542
1456
7539
1114
7721
6284
8809
5543
417
224
471
7132
4152
7163
7272
74
1429
5911
6482
5855
494
2178
9004
624
6077
3290
3780
4400
5333
1234
9098
3045
5485
9446
9928
8255
921
124
9967
1779
7913
1781
763
7506
4489
1278
7941
9111
1534
610
6362
1534
8697
6378
1858
1751
5334
9037
7073
7982
2346
9795
2911
6786
5550
5316
5108
4341
4994
4295
7499
1593
7493
5381
9730
2959
1598
2943
7354
4774
5172
5741
6504
2790
5830
3670
3692
7680
3579
9455
3658
3718
3185
5436
4648
8610
1031
348
1036
1763
7518
7443
7751
4230
1439
3193
9660
5993
7153
5329
1704
5312
8906
44
2414
467
9176
807
4215
6335
9514
5412
8843
7027
3072
3679
5150
1040
7698
5477
9592
7252
7310
7681
6758
8496
7094
9051
8482
4403
5034
4094
5222
6756
8219
455
2732
8681
7472
9579
306
3666
7901
7036
4338
1610
6215
7165
2342
6903
7808
6504
8117
7867
7982
1855
8331
7807
1985
1778
4417
5387
8013
4777
1396
6084
5764
3560
7009
7057
724
2333
360
4945
942
3303
9169
9814
8749
9302
8705
8752
4599
1791
3447
9483
4011
7318
4660
7742
1453
1017
3144
2159
6945
2687
6691
6904
2115
9553
5997
5465
2520
9990
1134
8569
2148
4107
3082
5494
4171
403
1244
790
9296
2476
8442
7774
9301
6187
9405
6089
8778
5564
7453
3056
2458
5299
6773
7622
9022
8689
4424
1256
4847
2560
7093
2352
2723
4851
2449
9375
1285
6327
3963
3295
610
5172
1022
1704
8248
2120
3294
5393
7807
4195
9406
3153
9139
7147
5224
2116
5162
241
6284
9001
5403
2163
2251
2334
440
3517
8685
6909
4636
9626
2832
9541
6746
7172
5699
9508
9307
9579
2218
8006
8080
8995
4992
8373
2226
7212
4770
2914
4389
3951
2617
2722
7411
8545
4524
4068
1014
253
9146
8644
7454
3188
3260
5226
9897
4159
7612
7182
1050
5599
7828
3638
2458
1193
1288
2100
6800
8819
996
6865
6488
3990
1793
636
1937
7097
2572
6430
1982
9450
544
3076
7090
6373
65
392
3252
405
9058
9468
737
4054
629
9401
7249
9488
6119
4287
9469
2029
8569
3310
427
5410
2295
2382
2701
9369
5143
7907
9080
4323
4852
2018
2957
3663
9941
3851
496
1480
8527
3340
5378
2427
5574
2362
4835
881
209
3069
2562
8528
9957
4762
106
3100
8003
8765
3393
6091
2923
5408
5119
3990
7715
8458
6972
5801
6437
109
7809
9456
2234
3992
5296
1074
165
4591
8802
4002
1847
8878
815
9026
6653
76
2615
3241
5976
3989
7486
2691
2876
5550
1364
3053
9355
6920
6489
3433
7420
8787
8374
611
8153
3324
195
4997
5045
707
1561
4947
4042
1047
562
3142
2893
122
8978
7261
6734
395
554
7309
5096
8467
1407
3680
7980
6327
9745
3252
5050
6550
9374
5638
2548
924
7721
8106
7094
7930
4479
5598
4180
6928
1427
1804
1877
5963
7412
8290
7046
5694
5082
1317
2150
4103
7546
180
5695
5361
3795
6641
8247
1525
1496
2344
9010
7561
4526
9989
5024
8629
508
4462
6184
3497
509
2135
4491
9522
9074
116
5208
2708
7783
2338
920
1015
9665
6088
6906
325
4956
813
7667
228
933
859
9989
1168
9838
5182
7477
5372
9304
9998
5171
1474
9074
4851
526
6765
6319
8639
8830
1600
9413
9760
6956
7666
6605
3744
9231
5502
1741
2459
3168
6988
3884
1342
824
5326
1519
4932
3620
8470
4865
6444
4613
1926
1743
4148
2400
3366
3443
5825
5115
4619
7081
2757
1315
6230
47
6369
6908
6022
302
3882
3782
5871
3558
4183
6280
257
4632
1466
6239
6033
5648
2154
5991
5380
8184
102
1377
2886
9942
6164
3648
3329
9072
803
9912
8888
884
2652
6701
3216
2368
1649
187
5102
9678
2709
9579
6302
2508
4761
7337
6513
7201
419
956
3440
7298
3554
6291
7445
6263
5624
1673
8346
2153
6694
5361
6627
8100
3824
6313
2485
5687
7726
9676
3990
476
8391
3935
9914
305
1811
6227
3755
7289
2805
5985
2892
3912
3507
4764
897
2054
3104
1880
1581
1390
2060
1324
537
149
3242
5288
3654
6961
3125
3630
2350
7203
8547
6586
2142
1077
8389
130
4547
3522
4980
9543
2317
7965
7018
6926
4503
6917
4393
2689
967
2465
5389
9355
5615
8827
8468
8422
3839
7290
4046
7486
2433
1126
6547
5328
9614
4338
3324
7272
8666
3480
5043
1738
1204
6202
1589
1638
5105
3658
8619
1030
7701
6490
2540
8248
7057
5654
5845
1675
2803
107
518
3208
3341
3029
4521
7545
8031
7123
5261
2474
1429
7341
4357
6479
1560
6356
61
5213
5799
4044
7212
7626
5982
7316
9762
5880
9063
749
7586
573
825
1623
7541
4261
7957
5222
8560
1749
8146
7556
1931
5254
8743
3007
875
6137
2021
3847
8006
2633
9109
7048
5352
4782
5240
1354
9210
3556
6132
4204
1345
1119
9052
3760
8733
3076
2366
6034
6423
1605
4254
915
1919
420
4649
3733
4973
8700
4464
964
3622
1275
2665
9608
5928
6662
4880
9889
6966
2860
6862
9968
2302
3200
2367
9596
2467
1029
7783
6821
7742
2471
5177
8191
8934
1165
1377
8253
7781
7433
3118
8556
119
7125
7368
9874
5993
2073
1513
3888
3555
4994
249
2216
7743
6501
4750
1303
518
901
4969
1465
6729
428
7751
7159
8569
4663
1889
3404
2011
3038
6176
225
620
3506
8074
2960
5718
9752
8697
1323
6960
2629
4486
4231
4138
8902
7136
582
9202
1858
1162
8378
7377
3812
2812
5939
7578
167
4933
9258
5285
8306
9907
9011
5548
2294
6759
9200
9845
6146
9169
6978
8144
4247
8261
9781
6722
7398
7776
1609
3022
6918
9499
5002
1169
7250
3682
9061
5637
9601
2587
6747
5971
5283
5263
6584
2519
7641
8200
4898
1646
5695
9583
4770
9064
990
4557
6992
1576
1499
5105
6472
807
2920
939
4813
7280
8194
7158
6030
9613
660
312
7788
1509
4923
6997
4933
8738
2192
8143
5575
9378
3617
7747
2558
3190
6002
6950
4728
206
9141
3094
3108
4358
2999
8684
6821
5283
5949
6994
2389
334
2400
9500
7912
9241
9247
5267
555
5887
5812
3981
1730
5234
1191
2360
9461
8523
6278
8406
1469
6623
5097
9119
5746
9589
1551
5110
7573
357
3211
9890
3285
1854
3340
2518
1391
9741
6004
9756
1144
7521
6799
7925
7085
6800
3537
5244
5670
3112
7008
2585
6686
6924
1880
4319
7843
169
1710
1183
5656
988
98
3977
9533
3221
2054
265
8862
2649
5824
6273
4783
8960
5613
2680
9340
1014
9905
6086
4765
3072
8424
7634
4717
1371
3153
6455
7529
3665
5314
8390
8694
9174
686
9806
6180
2745
266
2213
7460
4995
1882
5875
1629
9680
1089
9618
3424
616
6454
9671
8527
3101
5143
2491
1147
8972
9641
5279
5538
186
5377
3157
2859
3136
2037
3830
3572
4767
8449
8963
3439
2034
2052
6469
8108
8206
9164
9451
7246
3103
1535
5620
4254
9497
8015
5678
1682
4560
7534
384
5657
3523
1062
3774
4863
2514
5737
4395
912
8922
3917
7288
7302
574
3568
6930
3600
9506
4092
5406
9951
2187
3476
623
4575
5678
8470
6607
3527
8376
9398
1578
7657
4794
5149
9823
6468
6081
1928
223
2333
1914
1425
7683
1425
4806
180
3709
9628
4883
2171
8897
2665
1752
865
3180
9765
196
5359
9371
9264
8144
7581
1733
2739
8584
4004
4097
1481
1942
5840
1399
5455
1776
6260
4417
190
4634
1814
9945
1554
4368
7956
7703
1755
2301
5332
834
2558
7259
4305
9049
3229
3654
125
2157
1468
1591
55
7026
5264
241
6824
2859
2454
4642
9840
8079
2606
6506
6727
7077
2760
1609
2989
6637
4575
9920
6834
9910
5462
9744
9546
504
386
3846
9171
449
4218
3766
6759
3600
6726
8366
9888
374
3626
4013
7808
627
7437
6744
6170
8953
1342
1270
7011
721
7719
7727
1438
7747
575
4718
8279
9676
7708
6381
1867
860
4106
1954
6074
2794
2835
8655
9727
9038
3449
2525
630
2938
832
7372
1543
8445
9300
8917
1687
863
7776
9829
1600
7439
1898
1454
7509
7390
8050
9728
3779
7159
2436
6043
8428
9490
5614
8601
7257
4253
9150
6218
6686
4855
6449
4449
4054
6559
4227
3416
6828
2028
4578
7781
8954
5070
150
1948
3395
5648
6529
7745
4797
7991
6635
7600
5192
8903
1643
3554
8650
5216
1768
1300
7872
7740
8083
8898
6876
4042
3494
1821
9107
3910
6955
9532
9594
9447
80
3940
3092
6429
9401
6752
7543
4738
694
1015
3650
3504
4064
1931
6866
907
9718
3419
7691
9516
4793
9835
9809
5503
947
6771
3285
4111
985
890
1854
4342
287
6426
9099
2990
5434
5118
8281
1881
8109
7147
4468
2442
7079
2917
5684
8572
4859
9426
1850
2221
8528
401
6432
6012
6090
6379
5928
3811
748
9470
6592
3223
5529
7680
6105
3663
9791
5337
323
9864
7317
9462
1667
3470
2957
6672
6240
4712
1052
1646
1356
2057
4256
6089
3768
223
5779
6626
1630
5943
1574
1153
9979
6494
1539
5770
335
8155
401
8612
9940
449
9637
2680
5092
7370
1530
7035
6057
8568
5232
4646
8112
1936
2590
5578
4436
3977
8408
6253
1730
5865
5800
9039
8773
1231
2342
1576
1394
6346
6841
1929
4767
4586
9712
3912
5386
4872
2202
6732
576
8107
966
4498
3012
6530
4912
4061
1315
8418
600
4157
5538
4538
1019
4903
8109
3415
66
4308
6613
9588
1708
7644
4714
2765
8444
6309
1455
6084
8443
5076
7196
8510
4522
553
6537
9821
1006
9075
4697
6601
6399
9276
4052
4195
832
3150
1780
2672
7258
9521
7897
4503
4502
5558
5371
7884
8437
5200
443
2410
4797
8177
1800
3157
3431
9702
1850
5147
9179
8830
1949
2607
8953
2990
6181
6519
8100
7269
5019
9508
1698
9636
1067
9285
7997
7500
3921
609
1934
6736
202
978
6381
1643
7793
7115
7551
3148
394
7754
8893
3042
9670
3150
4709
4008
7461
3315
698
8792
9786
5045
3716
6957
7710
2493
7120
4404
7542
7234
1259
9034
4262
1562
890
5791
7633
3120
2634
5675
9984
9843
5887
6261
8347
1695
102
5764
1284
9682
9764
8741
2545
3258
6001
9185
9521
4358
332
5893
4321
42
1752
5816
9302
6007
3095
3343
6864
69
6388
7408
5407
8120
9808
3702
9518
5059
741
6305
2609
9689
452
1595
4554
5711
5921
7440
5150
572
3497
2357
6660
167
7216
2555
5122
151
1846
9639
651
4002
7043
8089
1514
3844
4336
9575
5424
2534
3103
690
4192
4550
5187
1731
4644
8792
335
6777
9549
8597
6267
9532
7182
2957
7847
5116
7109
8250
9576
5341
2812
1591
4416
3841
8818
5374
9811
7912
1174
7489
8717
5877
5298
3295
9410
2392
4502
3454
2907
9203
5816
6454
953
5581
7142
5833
682
900
1215
9902
4303
1632
7352
6126
3471
6434
1588
3221
8360
5902
9397
1487
860
8118
2930
5946
9837
7134
6458
7444
3920
9194
9540
4032
3906
676
7336
8652
2534
2483
1421
9470
4127
7930
2493
5999
390
5056
8446
7598
1526
9720
7405
894
3742
2852
5543
9188
5208
3783
3763
47
2593
1715
5650
6877
9390
9076
1506
6566
5431
3765
9712
8007
4240
2086
7212
5692
1133
577
5463
8463
392
2854
6848
5989
4194
7097
9268
4548
9538
893
3376
9314
1895
2735
7758
2497
5963
3706
2248
5386
4558
8604
8545
7680
6419
3091
273
9264
2504
2321
1754
8072
8208
6937
5873
2579
5863
4341
6631
9061
7870
6696
1247
1809
5856
2247
4
9159
5352
3240
9426
9442
8694
1967
5823
8690
1036
6284
1755
6338
5715
7328
7571
6028
5521
5078
3784
6108
5897
1936
7778
8454
4529
561
98
4833
9385
9784
1405
7189
3830
1680
1074
1944
3154
3567
2362
8701
1556
1054
7094
584
2450
2128
4906
6829
7800
7690
8199
8269
4136
993
4189
2809
3870
6948
9707
1171
583
2436
2698
2769
6092
434
6806
7844
5225
4007
1863
4763
1537
1044
3609
706
3430
7001
579
9916
5561
824
4705
6113
4802
8771
4904
4746
3531
1862
9694
6323
5559
5368
5686
4236
1634
2899
3725
9198
2111
3425
3384
7731
4138
6861
9538
3934
9480
2752
1837
2222
6999
6993
9023
3664
687
3569
5242
90
189
1810
4800
8241
5741
4839
5085
882
3628
1540
4831
3026
1365
2632
6309
9196
4113
1276
5571
2002
5088
9974
4451
3223
3109
8508
1659
6029
9844
2123
8020
1049
7805
5255
2671
9564
7696
3720
2868
4253
302
7469
9930
1673
3835
6760
7821
901
2321
6931
8884
9640
4473
817
3309
2484
5318
3303
5069
6007
4773
9493
7276
1888
8384
6570
4145
2358
5437
9508
5113
1947
8813
2528
9038
5672
9100
1399
2868
6673
2722
6545
9671
5558
151
3257
5512
9710
5608
3270
3311
3205
4117
1462
4491
7098
5219
2495
6032
5351
5244
4846
1345
3911
1626
3864
8297
9104
3410
1243
6641
6840
1883
5618
176
5934
3994
7859
5974
7292
9147
5085
4208
5645
6845
9422
7305
2076
8647
1093
6395
3666
2977
542
6387
1245
5391
1015
8374
7461
127
1233
9537
5159
977
7637
6231
398
800
7050
5510
5360
9412
3541
4002
3877
8944
7772
741
6296
4304
3199
2339
1061
3888
1082
4700
7494
2320
5486
5377
8004
2663
197
4635
8239
285
1779
1284
519
4355
6884
1440
9329
5818
7375
4516
7590
2611
3806
926
8981
3870
6385
290
4666
4936
2653
7233
2454
4063
2830
4259
2629
9918
6996
7664
7462
6201
3119
2933
794
5997
1309
679
9947
3845
7602
2812
4725
7936
109
1309
7280
8326
1404
8778
2214
9605
3658
765
8465
8087
7230
4728
3223
4223
9162
9476
3411
731
5332
1962
2131
5682
8935
5334
5846
7664
8341
3344
3084
7099
9449
1387
6940
3703
1155
3724
1784
5214
7732
9756
9213
6549
8576
9652
9530
1776
4044
1014
2792
3497
5901
3874
7837
5546
2303
800
8591
5266
150
2623
4441
1053
2168
7919
5481
9338
2131
6218
4033
2734
9262
688
1027
7679
2047
5972
9510
5585
2452
785
7856
6236
3821
2919
2103
5973
9652
6358
225
6086
5849
6371
1158
8719
6076
8650
7868
8622
8379
2807
6933
9101
1405
8911
6680
9650
191
8107
2201
905
4794
4829
8327
9805
9801
8635
992
4157
9183
8265
3325
1132
8858
9182
5289
8671
8842
8534
4687
2252
7950
8276
3010
2032
6602
7992
1686
6961
7505
3863
3080
3176
9724
9191
5822
3682
8975
4874
5924
5166
5835
5357
3543
5612
4020
6676
198
3326
2889
8450
2818
3986
1860
930
9076
7338
9601
1556
3100
9311
7513
2842
1924
8466
5282
4890
775
7967
6104
1340
9665
5508
541
7139
4660
4058
937
163
4666
5637
2785
6425
8608
8893
5539
379
8468
8741
2969
7638
814
2974
2350
7348
3172
6410
2537
5394
1865
7885
3278
7622
4808
9195
2007
4383
6131
7959
9797
3794
9506
8280
5136
1357
3546
4106
2792
7821
5785
184
5112
5521
1361
4681
4839
5798
8785
5646
1729
6583
7935
788
127
9722
4764
6307
972
2223
3139
5881
9703
4228
6670
5342
978
9231
2436
2070
2248
8825
4122
650
796
5089
4209
7994
3072
8628
3611
1758
913
9228
2418
5657
6521
9095
7248
4057
6978
5751
9139
6099
9505
2781
863
6513
669
1844
4070
6300
6322
8614
4807
1473
4156
8667
563
2182
7491
6703
3242
7714
7101
3957
261
5102
7781
4179
261
355
7639
8114
910
1722
1131
92
3655
3774
1286
8022
4406
9630
2662
9848
9641
6155
4225
5371
4661
3599
465
2222
4377
6806
9904
8726
7347
9866
2375
4428
584
9873
404
1107
6099
8319
5416
3276
91
587
6510
7344
2236
4964
8113
2908
5627
2679
2939
7951
7576
9563
8376
2131
7684
8089
7675
8790
2423
5829
2133
6844
4756
2608
6831
8271
3278
4049
428
5584
7801
3585
9025
6361
7363
8527
5164
8679
2214
8324
5667
2138
3512
4728
6192
4028
3160
4320
6151
9176
1518
3504
4946
5015
2567
4950
9351
489
4486
2285
2307
8563
8615
6759
5408
7315
1276
5624
907
3831
1027
6978
4219
8488
8605
9968
4552
4570
7993
2399
9596
9650
4872
43
9971
643
3038
3241
533
4078
278
6741
8587
6711
2671
8152
3522
9366
321
8882
8494
8607
8109
8957
2367
6730
2221
3746
9343
387
6924
6306
4446
2190
6356
3740
5340
7579
2915
9845
4858
1388
7279
9101
4030
4637
5027
9043
2408
2303
1376
9010
1086
7102
8651
3312
3864
2610
752
5998
3784
1482
5109
2543
5446
956
5399
1030
8361
8357
7648
1708
2981
3899
8228
9145
8953
6718
4774
5642
4680
2774
26
8045
8315
47
4236
2651
2961
7239
3922
4506
3003
7146
3476
8073
4298
4762
1410
5993
8226
3228
4881
1426
8501
7814
4529
7376
65
9259
6647
3274
1411
3002
1235
5109
5235
92
2567
449
7423
8934
3577
3773
1115
4363
6591
759
800
2045
702
2354
1215
1689
441
807
7228
2152
1298
146
3787
5151
5132
3071
9536
2004
2521
4658
3777
9593
9711
863
4046
7571
4992
6408
809
8719
3018
2300
6492
8335
5916
7988
8400
6521
6816
6936
8952
9352
4915
7285
2090
1028
1086
1165
1735
9318
9629
7234
6705
890
4830
1047
6679
1422
662
6992
5422
7810
8180
3678
795
6230
7943
1917
5851
321
4149
740
1707
8362
3069
2225
824
6924
838
370
8829
1217
4705
2718
4073
9092
7419
5968
6736
6508
6609
8467
3519
7150
9720
3091
9655
7860
354
3819
7343
4532
3724
8054
8543
234
7311
4629
542
8434
7809
4378
4677
9433
6970
6081
2176
7362
7042
5718
6218
8440
1174
1000
5979
8579
5362
6395
6687
9863
6316
6024
9556
980
3947
3180
6791
6227
8098
5520
9840
1373
6619
4444
3559
2379
5896
5638
5008
4697
5572
5327
3229
6770
6318
3372
5568
1174
3273
43
6815
856
8020
8016
9787
5907
8836
4957
9830
8393
2347
4902
1176
8930
9698
8579
79
8865
6875
3798
8217
6215
1920
7085
9990
1829
1424
6847
9023
4652
4926
6525
2416
1402
8605
3441
6148
6501
9007
5326
1357
2681
3478
1893
9212
1328
6399
3236
1550
4325
9397
314
5558
5934
9277
5347
3365
4079
9591
1551
1633
5283
459
2307
1964
6482
6579
9601
277
9932
5161
387
2154
4528
3970
7349
1632
7985
4611
7504
2889
9532
7722
8040
7851
2060
4851
3852
7870
5957
6435
5351
4315
4296
6536
8270
1169
467
2748
9463
2539
4885
4069
3973
9352
6957
403
8991
2482
2168
4865
9792
4012
1822
4054
1179
4435
4765
2097
5540
1195
6220
1390
5230
3197
8786
6710
2650
6624
4588
9635
6156
9733
5593
7058
3707
8203
1170
1011
9032
7993
8154
6951
7023
9723
8814
4217
6038
7119
6475
5460
4862
2220
6791
1501
1163
1700
5126
4284
6477
1941
6907
3403
9974
5297
8368
998
9571
6347
9648
5729
4306
4917
887
9024
6319
2107
4629
5823
4275
6645
4648
7610
2594
1536
2105
7730
2498
5112
4871
7670
1517
6404
4786
8286
7881
2012
637
1791
4968
576
1740
8741
8890
1353
8136
9221
9197
5425
8615
8953
8658
1637
7064
9173
3158
4456
954
3748
6827
7674
3170
8256
706
6099
9861
3505
5509
7209
2476
351
287
6107
1768
3534
9239
76
5156
9768
8251
3505
6561
9327
1309
57
9600
976
4428
6539
833
7241
1368
2156
9671
759
1096
7568
5509
2696
1661
472
640
1097
8969
8345
9614
440
1803
4373
1840
3592
6346
9635
4426
3977
4464
3163
6523
8775
50
1604
4787
3702
6841
1942
1930
6096
9289
3943
6821
5831
5315
3845
5096
2935
6069
7153
3820
6688
3164
6367
2385
3436
8309
8955
4551
9423
3719
1960
3262
497
4256
2250
755
2733
3843
5603
1320
6736
9378
3593
3072
3647
5124
4534
8062
2746
9322
3617
7183
8953
2655
7850
7445
3464
5111
3348
4388
2347
3783
6158
1702
5975
9176
2869
3416
6845
1726
3983
1441
4568
3390
1268
2693
4563
1419
116
5532
1373
2708
9319
4851
8406
7490
3613
8788
3378
565
8838
7714
2764
6732
5628
7959
9181
4653
5170
8535
2755
9973
9778
9024
1259
4220
1736
740
4109
709
6242
1315
2104
2514
8097
4919
8260
393
7275
6461
5027
511
5476
8355
9699
2761
4351
2667
2969
560
6193
9811
5183
2079
9614
7341
1117
1074
5931
8863
6849
2685
6841
3568
1662
5900
319
1523
3820
9721
9614
8441
1517
4505
9738
6406
9359
3434
6881
3762
6304
1613
8823
8216
3157
1923
8627
2115
6450
7408
9592
7782
802
9721
6829
3825
3693
1965
9648
436
5032
2094
9397
2796
8825
12
9413
6953
5808
7435
7295
1761
4003
4683
4817
3848
8804
2646
7547
9927
5431
1366
4407
2254
4368
8878
7309
8535
4744
5308
2310
7166
1532
7521
6709
2346
9908
9091
1000
1292
4138
8825
649
7552
8970
8614
313
274
8656
8031
2274
9121
2456
8720
1658
8543
5753
6402
3280
3091
2758
2097
8860
7550
195
7026
8785
1817
1318
7588
9595
648
6148
7787
6936
2670
6933
6537
3850
1375
7444
6376
5959
3219
1007
8311
8357
4394
4890
4729
3839
8368
8057
8628
8452
849
5184
2776
8339
7498
2307
6822
1291
2401
8513
3885
7536
2085
3678
681
6888
692
4399
6873
3585
6822
9013
9987
5897
1500
7865
1986
4889
9752
6828
2394
5605
5346
497
709
4393
9408
6445
7780
8064
8803
3460
1811
4175
9482
4789
9693
6823
3272
2048
8486
9047
4024
6710
5042
1187
476
3839
3993
4342
8674
7109
5647
9471
6439
5018
5657
5608
5942
5726
7799
5169
8198
1941
9638
379
5048
7881
8447
2505
13
7519
1326
4731
9318
7005
9156
300
8326
4475
8766
9827
6645
7277
1463
5603
7238
64
8978
6117
1038
7186
9762
1030
8745
9309
9573
5426
5751
7339
362
2256
4511
6332
527
3596
1000
8336
7837
4612
8419
5858
3516
8890
1788
7032
2307
223
1661
9437
8680
3849
3835
2004
3784
9637
4637
3487
1210
810
8127
1550
2215
4388
2407
8705
2627
3752
7086
32
4355
9447
2954
2919
4155
1703
7871
886
1097
6987
29
1967
2048
1364
824
7124
1402
5434
4824
5649
7277
9183
3561
2647
1456
221
3226
8347
4441
5541
3713
177
186
5218
7934
6365
7294
6269
5841
4147
4769
6256
7164
6568
772
9182
515
9361
2266
713
4230
3386
1896
5823
6068
8737
6023
9598
4732
3760
4440
1116
6049
5968
7951
1070
636
2094
4749
6125
7857
1408
339
6860
2981
9781
8573
1611
588
2010
3326
5509
7477
6386
1325
2579
2583
8642
6654
8904
9767
2039
6628
6524
1704
6580
6852
1025
9584
3125
539
550
3822
7529
3473
369
5585
5827
1330
5079
7557
3965
524
9988
5105
4605
7219
4333
5738
9135
1704
1585
5599
5167
6917
6283
6633
8525
615
2618
7012
4019
390
7265
418
1129
9545
7860
6868
9153
9710
8966
8923
1322
2979
9345
2293
8940
2378
7952
9147
4674
4459
1164
5767
8815
2006
463
3550
3514
7930
8049
3846
7805
3737
7645
2637
568
7205
9182
605
9480
4288
8928
7838
1496
9684
1190
75
4406
8997
3742
5190
9643
2950
6759
4430
3645
757
4269
2831
8816
5386
7816
7166
5400
8226
4419
7817
2432
4443
4725
3046
9357
3182
2733
257
9830
8688
5449
9069
5807
9422
9405
5295
3082
2267
1101
3207
9103
8073
114
5927
126
2915
6865
178
7537
6715
1876
2173
2528
7153
9690
6017
4204
2174
8590
4600
8705
8789
6747
5692
5910
9399
6494
2722
5929
9374
1051
526
9720
1274
2207
1268
6917
1730
3228
4689
9189
6776
8571
9832
9358
199
853
2512
4864
7341
5977
3910
9156
3724
9309
881
6121
3828
9368
7848
752
424
616
3471
3914
8973
3627
2674
310
4763
9169
6074
6487
2700
2530
4363
115
975
5833
4789
2650
177
8970
512
4978
8856
4348
1316
9657
5013
6647
5945
3988
572
6471
2124
5282
2456
5909
260
3430
9606
4822
747
6152
9993
8955
2815
9166
5476
4862
4967
6897
5227
2079
3165
9340
365
9957
3139
7219
3417
5165
7469
681
6292
5972
6415
6407
9555
1118
3850
4267
3951
4340
6133
7410
2384
428
2246
9038
6857
5052
8122
5008
208
8571
6731
3897
6939
3505
8175
5168
908
6429
839
1712
188
7676
5463
5149
1029
6431
8879
1042
3526
4531
3138
6425
1323
9617
8757
3903
6501
7159
7880
5003
8637
1306
4323
399
3959
6529
2653
6199
6518
5570
7724
3542
8310
4358
9427
3449
9437
1221
4803
65
2540
6006
1120
3215
7985
4483
9029
5567
7581
4856
4515
567
4960
6061
1968
4806
194
2121
8427
2513
4692
2802
821
445
9971
8528
3847
8628
518
6633
6012
6095
6617
6816
5357
1081
7772
5981
4349
1957
1126
6496
5547
8604
2179
7368
5766
3894
6986
4829
6695
1489
6037
7374
4145
9244
57
452
6491
7181
7066
7662
5230
5205
8240
8600
7024
8529
7311
8267
7152
8103
4583
9382
8830
9278
1976
6836
1547
4371
9941
3044
4224
3864
579
4027
5804
6549
3844
8662
6703
1080
5310
7741
9429
141
4688
5225
5658
3692
3963
1404
45
9629
2885
6536
8156
8569
7342
3986
7026
4486
3119
3894
2063
4403
3513
1947
3291
8494
4313
2983
7247
6574
3787
5812
8237
8183
8473
3928
4129
1258
7820
6567
7348
8734
2015
5962
1348
3318
7705
9580
6469
8142
5723
637
6773
5069
3452
6223
1261
2968
1962
42
8650
5482
4720
5912
4842
1508
285
8961
6115
1889
6206
3747
9122
2686
5067
2416
852
8774
6555
1450
7841
1505
1290
2552
4141
706
3183
1799
1815
4360
7124
1293
6054
8999
7897
9252
9406
50
4430
7730
6068
4150
684
1955
7707
4801
813
1677
6839
8648
1571
2828
2474
2117
9375
7334
5402
7205
2920
9931
7287
787
4777
3528
8556
3988
7046
8796
4967
6863
6763
9442
1688
8928
6553
1932
6749
7933
4768
7307
2794
7660
7250
3181
7218
508
9749
5986
5961
2180
6049
7142
5521
3836
1864
1900
1056
1785
8714
6341
5853
5979
5138
6243
8891
6358
4853
1346
2738
460
2754
9927
3619
6583
31
1532
9105
4304
9080
210
6616
8144
7387
6677
7661
796
7100
5437
8603
9492
3640
2097
8587
2772
2339
6863
9282
5249
6865
2505
9041
4768
6961
8978
6222
9800
5924
2298
2501
4843
129
2299
7271
8180
3931
2456
8430
9400
3294
5061
3239
3782
636
6769
5295
6821
1524
2759
124
5002
1115
2559
2433
8242
4519
6992
2616
5347
637
3616
8769
6283
3435
7535
3165
4116
8110
5533
8912
5055
2160
4105
3349
7192
2963
6136
9617
7267
4162
6758
6811
40
2873
6203
2130
6748
8554
6359
5515
7464
2203
8177
8425
7214
1507
9074
3588
7201
3538
3048
1840
582
1631
1332
5500
6926
7206
8129
5110
675
472
4196
7835
6730
6159
885
1325
621
1759
8593
6429
1641
6104
6549
5799
4769
5513
5345
3105
1273
3265
9683
9375
8451
5673
6452
8791
6151
4654
2414
6162
1401
2368
6565
2261
2802
8241
4510
1219
3151
2455
6101
6259
2173
2902
3014
6188
1238
4467
9937
5272
8439
528
1617
3392
5520
6603
8136
1701
7797
5173
2471
1398
4445
8891
7653
9694
9282
6639
5645
7555
1570
3156
6453
8394
2201
8365
3896
5518
3174
6923
3996
8860
7246
2005
2980
8260
267
9899
4540
1428
858
3586
175
9586
818
4153
2187
2752
4907
8628
6224
9652
538
1634
9143
4306
6269
6092
8390
2504
3012
5161
1118
6577
3355
3567
4812
6129
2529
1518
6318
5740
9187
8552
2873
8047
5403
7774
6975
2036
3055
3236
6754
1935
8128
4482
4864
1645
5364
2640
1891
3302
3172
1878
4736
6286
2715
8527
6513
4710
5738
7708
2140
7320
2796
3936
2967
3565
7313
7823
4552
3600
1164
5750
4018
7973
4315
3183
7269
4836
4475
5155
1828
8673
2675
9377
8018
4724
7236
8396
9802
7560
1658
7323
6713
609
1656
2693
9994
5792
2755
6260
9317
8923
2660
4717
1282
7006
1960
2667
7245
8175
2630
1495
5991
3640
6255
1253
6257
3729
2964
6132
5168
6866
7619
6639
1294
1155
1997
3241
5205
3159
392
6868
6181
7380
1378
1445
1001
2987
299
2383
9675
1422
5456
2856
3362
9641
5968
6592
1766
8955
755
1893
831
8724
6256
6667
6708
7457
5102
8338
8646
1282
9201
5701
1705
1209
8488
2005
21
6105
923
9858
2709
7901
222
8904
7445
9197
5305
6648
1267
1095
9448
1288
4191
929
7744
2967
8871
5310
8611
6462
8736
3871
8837
4017
7746
2988
1918
1733
7286
6825
6275
6764
9529
5092
3387
5397
2095
3060
5800
4044
5787
9601
1540
6132
5786
3250
4535
7963
6802
4653
317
5684
4349
6137
2496
3720
7598
5599
8274
2233
4042
2422
624
7481
2621
7727
651
4315
9852
9879
6147
4452
3046
8905
1357
7694
5748
220
8591
5760
3141
8912
4465
49
9396
705
2270
5301
4634
4704
7272
877
6544
6008
3562
166
536
3388
9506
6485
2764
8354
3807
789
2357
7141
5731
2450
2755
6418
1127
9454
7170
6847
552
8449
9899
6015
7016
8275
3451
3713
8655
2812
1259
8071
5985
308
7163
602
4278
6709
5724
1895
9119
9904
2012
7363
7173
338
5491
4249
4842
948
327
6901
4626
6002
3578
7236
2711
4121
3509
1256
1619
5452
2574
505
8577
6804
3495
9434
3685
1391
2299
5780
1916
1766
9176
1267
9545
5506
6594
4228
8655
3269
4226
4038
3082
7930
1927
9671
5318
1723
5279
1151
6736
5492
2996
3144
2804
514
1896
4587
876
8663
3054
6815
631
1156
2281
5413
6236
9566
9119
7768
4946
5379
1173
9095
8964
5933
4793
4668
6144
5305
8877
4878
380
8400
5862
2798
4393
5331
2869
995
5989
1015
6390
5490
3910
1856
5919
9945
836
7346
5486
2456
9288
9492
7184
627
764
7069
7461
8024
9703
4878
5217
6550
1650
425
543
4779
9321
1742
4323
1917
1193
416
1869
638
4725
3337
8232
9810
308
5140
8941
9843
2685
887
7504
9249
3716
5129
229
897
4078
9172
9644
378
1793
3097
145
6944
2303
2897
3343
9538
8241
5948
6047
6594
6985
9950
807
8480
662
1462
7505
5720
6307
221
4623
4488
3601
4515
492
3214
3780
1081
8084
651
6125
227
1721
6219
7776
3167
452
8060
8514
3927
802
2853
4645
2614
1068
4173
5131
299
436
2910
8730
8349
8792
4121
3044
6614
7319
9576
5112
5596
5683
4197
8463
7413
8970
7640
3386
9214
6385
9299
5578
533
4164
6225
3318
3006
7168
8573
4843
6860
7178
6541
5668
3632
1046
6027
308
8682
8535
7669
4026
253
7947
5362
8041
4039
7446
5878
5975
3554
1354
783
223
6938
3647
5499
4391
253
5380
8053
1995
5829
8819
1839
2211
1754
8715
2530
602
5213
299
9171
6492
8066
4392
3473
8936
7778
2261
9280
66
620
6814
6344
8021
6930
2078
8596
1627
116
9994
7390
5526
2117
2048
4406
7562
8038
3446
7245
9870
1820
9189
3164
1351
2968
4679
2815
1995
1593
8292
6399
8850
5327
9732
9215
9368
7041
5927
2230
286
6685
5705
5994
9294
4116
5603
3001
2273
2259
1719
4423
1097
1612
6774
2034
5681
7751
7261
5100
9253
3240
2881
5025
7674
4138
9357
7628
2035
9175
6136
4067
8731
6565
2511
6621
2746
9448
9236
4829
7980
5958
7866
798
3104
4069
6703
9887
2657
4506
525
4436
863
7270
1048
3722
24
8626
6481
2907
6220
5734
1452
7379
2540
5566
3097
6597
4095
3216
5159
3321
9641
2257
9585
9934
1851
6423
4278
3455
1914
7560
6433
4798
4516
9531
3190
5857
6013
1540
5214
63
2090
7245
4255
8207
1119
7895
2736
1541
5990
8763
2004
8418
273
8174
5962
9067
4228
7528
8537
5500
2406
8920
6665
0
7366
4168
5288
6140
3369
5370
7248
894
9837
2489
8886
5015
6809
7841
1679
1581
3695
914
1279
9352
8186
9435
7986
8451
4363
4244
6835
730
7767
6207
1263
6167
452
3127
1613
9649
919
3411
8623
9576
2223
1123
2483
853
6505
3968
44
77
5759
1737
6318
9932
6719
7794
1567
3209
2415
311
1924
4200
4176
3100
9774
6701
5625
8158
9928
3369
4576
3324
8997
761
9629
8812
8306
8012
5759
5804
5214
4844
7190
8787
3741
6326
6480
840
3054
7672
5874
7726
1529
2224
714
2273
4887
9756
4971
5314
9199
223
5825
3208
3415
173
7605
4853
1567
5179
5397
3029
1725
1867
5130
5865
7408
7346
79
4318
7252
2230
3362
618
433
5783
2229
833
8585
8207
2732
1954
9791
5605
2709
156
6572
7702
6917
2305
7765
7105
628
7164
3663
1529
7029
6266
4871
7228
9365
6940
7940
2674
928
1629
5056
6430
4694
8265
779
2122
9734
6247
6184
6413
3319
1327
9585
3002
6098
611
3510
6752
2655
5765
9553
7324
1318
8530
6333
916
5164
7698
889
2043
849
788
533
4705
3070
6865
455
3729
306
9169
2169
2586
1774
7503
9258
3585
6496
730
9856
9958
2789
9105
9751
7084
583
4699
6102
1848
9514
5684
9378
4971
2931
6889
295
1036
1670
4685
9316
4892
1709
9012
8556
1131
6714
9162
9850
5417
9821
2761
8134
2596
9056
9371
6341
6697
7240
1062
6544
2236
399
2399
2213
4530
8304
1369
8152
9150
7013
966
7922
7078
6057
8380
3383
2660
2279
5032
7344
6014
8199
6070
8275
226
5313
2348
5524
6327
1707
1414
4541
5851
8990
6570
4245
1578
5722
4681
2867
1982
3193
4085
4338
3830
4742
3693
4615
423
1603
3168
6212
37
6712
1921
9646
259
2855
1612
2512
9136
3078
2803
444
3305
9379
1465
9385
6604
362
5177
5242
83
9737
1989
5271
5733
5353
7191
5352
1841
2794
4503
8685
7388
8458
8594
4379
6612
4530
5217
8918
2505
2298
3783
9529
9835
814
4704
6126
4075
5125
479
7696
2527
1966
5137
9716
7893
1110
1431
1535
2538
7426
8925
6519
3809
2089
9024
3199
6869
1349
4886
2654
1752
7838
5168
5951
5586
2438
579
5555
9277
4432
1359
6343
321
3857
1937
5097
9899
2776
6294
2149
2877
1520
3831
5265
3971
1868
916
3755
1937
1594
7698
317
6357
3864
3280
9202
8396
523
4862
1875
7666
522
8117
5576
2311
3404
6689
5909
8299
3091
8485
1929
6988
9034
5200
1033
7075
213
9382
1451
8202
2437
282
2087
8680
916
5706
3063
9074
8208
2126
5423
6713
2254
9456
5142
3592
480
22
4863
1571
3688
3535
6565
4308
7845
1150
9762
4946
2749
2060
2776
2195
4042
5503
9116
5182
9079
9547
7060
9189
7734
5554
8181
246
6406
3858
9728
6415
7197
1832
6528
7588
4523
301
409
3609
8243
8009
8986
2629
5853
6747
1133
7742
6185
1650
3423
144
3659
2168
418
1351
5182
9257
1802
5300
1468
3465
1036
3597
770
6727
3470
3597
5793
7971
6675
9533
3910
8873
2104
1484
6708
1522
5170
5624
7359
4131
285
1893
3354
4455
8519
1993
7708
3086
8124
1459
3950
450
2367
4426
8875
1961
4900
8682
2366
5566
150
1625
5408
4678
5146
4782
5845
7374
9608
5740
6389
9656
3130
1516
929
6563
1856
6656
3279
9949
2184
2706
7172
5901
5698
3072
7512
7874
7812
8741
700
3938
2395
5868
6169
7757
6039
5802
2200
3331
8576
1760
6541
2933
931
4086
6391
6168
7486
7770
2910
5623
7742
1765
2568
1191
1263
9496
1366
835
629
3951
8269
277
9452
8712
977
7910
6378
8425
656
4084
1435
8286
2135
5851
8096
2380
2662
9224
2986
4941
5402
1070
5295
6946
3483
1861
9635
2855
10000
