2397
2247
424
666
7136
3790
3100
582
2360
5911
2111
9078
7063
7925
454
9263
3496
116
3665
695
4796
6982
7229
888
8592
8569
7967
1716
1619
3511
3948
6117
5426
2580
798
5134
7366
8189
9704
6575
4243
3586
3808
4340
8214
5250
5255
1815
5851
3414
4726
3646
1619
8557
8904
7668
6474
6214
9058
2801
738
8517
5694
9318
7982
8521
19
5067
3252
2524
2909
4903
4640
6386
5979
935
1952
4131
7399
7975
8
1012
7169
2034
6984
8649
2722
9640
122
6860
5896
2324
2124
5363
6634
3687
1590
8655
7048
6126
9979
9067
1916
538
5738
6241
8121
5066
3486
6097
6047
8334
2434
8727
550
8508
3593
2587
7745
1981
9726
1886
6576
4542
5514
5107
868
3462
7928
5226
8437
1088
8430
6413
8688
9266
9285
7700
9107
9207
6022
1475
4055
3217
6849
3486
6376
3173
7727
1503
3442
5551
8700
1799
4495
4377
3083
6143
5389
1549
6146
7158
173
8645
4061
6561
6360
5552
7029
9074
2162
9027
2764
4592
9504
8667
7785
2589
6201
8635
4366
5659
4339
1006
365
3623
9573
598
7688
5658
7872
1752
2675
5570
2026
4706
8283
4495
144
2892
3661
6078
2331
2809
1414
1482
9731
4931
6654
5479
2222
7550
4819
280
7186
5404
7138
800
1973
1486
3629
3587
6953
3509
3549
1797
4391
6188
2335
263
740
6685
2250
7974
6452
3380
1177
93
7867
7451
311
8012
369
2677
6850
3881
610
1321
2227
5573
8324
3015
9893
9065
5016
9133
9211
7905
7636
7325
3663
3555
240
9588
2187
6212
5623
2528
2263
2989
1869
343
2118
9219
5910
9420
7305
9100
7273
8460
3815
3884
438
9523
5908
9386
3473
3543
1834
9709
3948
8459
4796
787
544
9376
9620
5576
177
7933
7884
2556
6050
2389
5512
577
1538
885
7239
6024
8533
7762
1752
2768
6535
6886
9799
1455
547
6505
5132
2291
1680
7341
4722
4678
4257
9311
398
7821
7150
2585
8762
8707
5116
5522
62
7778
7973
5421
9545
8025
1602
8021
6744
240
4961
8190
9136
5745
1558
7365
6675
8017
2190
2933
2768
6334
8109
994
5507
7823
253
6712
128
9089
696
5811
43
4994
7053
6673
9078
85
9201
4988
2041
7693
407
1910
4187
2753
1705
2288
2704
7056
9197
1702
4974
9821
8855
9732
9009
2214
2340
2201
1225
1786
378
6948
5492
1643
7334
6131
5280
9628
1721
2992
7629
4787
2636
2576
3668
1950
1348
3990
5446
397
617
6421
2970
9253
1686
2401
8487
530
382
9523
7309
524
9242
6236
5779
1662
2183
8179
7316
9850
1881
9043
6920
6843
7695
3956
2999
3243
3793
3979
2927
5363
2915
7470
5357
8367
1137
7799
7976
8852
2938
7157
4149
2376
3889
3072
5665
5270
374
7639
1690
5551
1884
9447
5936
4737
1644
4722
5054
925
5573
7290
1288
3636
7948
6630
1577
2604
4496
9518
3410
5946
123
3514
5035
7969
8982
9937
3873
3236
9183
9827
2378
1459
3080
8917
5005
7288
6772
6628
3411
132
9235
9720
9598
1768
2312
3387
8297
3692
7711
1296
558
1910
6079
1359
275
4188
6270
5878
4147
3651
9986
3097
3456
3069
8117
2185
2946
6157
318
5182
8107
5798
8618
7565
7170
4201
9187
3726
8282
6722
3799
4884
5463
9315
3948
4736
9196
9380
6129
2498
8822
1189
6353
3892
4222
9964
5606
8112
3762
3235
5694
2821
3889
4111
6641
9857
3372
8784
2682
1434
1772
9730
3753
407
7381
6844
3340
8395
4652
1061
1591
2443
4881
8878
4645
4292
6827
1653
7277
6299
5825
535
6201
4586
964
6464
5582
3100
9947
4792
4682
1896
359
5776
9952
9222
4226
5440
306
9709
18
6118
4879
384
2527
2369
7107
2063
6402
5894
7634
6200
3570
2589
1257
6292
8253
5917
9866
8504
5824
3443
4193
8396
3368
7528
2067
9281
500
6946
9807
3104
8699
3519
6437
6507
6244
6701
7467
3203
3681
9531
6119
8733
1681
1336
5111
5204
9145
6145
1343
1728
4431
914
9188
913
6727
4335
5473
2995
7742
5247
687
6980
6129
9512
6469
2497
8361
5569
9029
6999
132
1818
1764
390
1784
3518
8067
3213
9744
2898
7076
5106
3514
3861
952
7422
4350
1815
2153
7592
7461
9913
3140
3136
4270
5337
8967
27
5115
3093
5272
3566
5583
253
355
9850
1631
570
202
2507
9622
7953
9620
2395
7446
7435
929
7693
2010
3929
4107
7977
6577
2343
8685
8690
8620
7423
8246
1742
5222
8084
2942
3901
8348
8907
4085
7088
6796
1015
7593
3744
5077
5572
9809
6000
2046
5798
67
9589
3719
7563
9263
2100
5363
4405
2632
511
7711
102
7978
4746
932
813
7649
2432
7854
9251
3717
4990
4860
5352
1030
6729
4876
1455
2036
6720
1893
5146
663
7865
602
9609
9881
8810
7881
9582
9057
2134
5111
807
2724
6589
1604
2277
1963
2067
9769
3493
3239
3459
2101
3457
7240
3585
8513
4195
2038
5977
136
9220
711
5466
2276
6546
3467
8219
4923
6612
8271
3188
3928
7779
1968
3751
9759
5968
6012
1739
3629
402
7022
6034
2686
4466
2610
4430
6960
9234
7179
559
814
7329
743
7327
726
6516
6174
4565
9451
5629
6789
1322
3809
275
6649
2633
9655
2139
572
6458
2963
3639
9482
8991
356
9174
9403
5548
5917
5317
9233
9848
3667
4864
3180
6672
6683
3909
8716
1572
4536
6811
9804
6624
446
1267
8196
3038
8346
4575
2670
9862
7923
2590
7231
2966
2620
4926
4484
62
1566
3449
9667
5566
1453
6317
4177
3813
8500
6438
4774
311
3796
1517
6156
8546
7573
2656
60
4161
9244
9854
3672
9260
406
5695
3746
7057
7443
3006
535
1111
8821
8348
7424
4003
9759
798
7963
7445
3529
4724
1904
9561
4338
5934
5802
5333
1473
2967
1748
3074
8191
9122
9885
3186
1689
6273
6514
5439
2433
8537
9780
7524
2081
2401
9207
758
9319
55
3694
8452
1999
4373
4944
8672
2196
7215
9788
5939
7976
7563
5355
5711
2016
2357
5650
1446
2546
862
6703
6476
6533
2867
204
1988
8485
2120
2262
7975
825
8986
4796
6198
3390
556
1927
2925
270
2126
2717
4457
1963
1343
4598
358
9605
5136
8936
7665
5884
39
1311
4332
4211
8464
4275
1731
3656
7095
9660
4075
2246
8664
807
7333
5315
5093
2484
1392
8766
8187
7726
7038
9368
3951
6349
3636
5461
7903
9441
4338
1864
1757
7829
3080
2148
6309
162
1686
9963
1450
8083
6001
8639
1849
1730
7086
4891
6026
8753
7302
8137
7312
3949
1320
1678
7481
4669
8988
5773
7738
9182
381
5532
7172
1396
3316
8426
5787
5459
174
7263
7800
8104
3944
4462
1006
4872
3067
2622
9707
8790
896
4520
1956
6494
8347
2937
6681
7339
7666
6976
2624
5593
1172
6941
8973
4460
1269
4222
7081
3404
7071
6163
3703
6972
8587
8394
8826
4194
1565
8771
5371
2475
4795
7677
3754
8907
6996
9248
1659
4897
2217
6817
8212
7122
1111
3783
2214
8937
415
7993
6066
1597
4483
3761
615
3895
839
644
1240
2153
6347
2238
2221
9921
1854
1431
4666
8151
900
773
3086
2168
2469
7923
7094
1324
8657
6513
7642
863
5582
2166
1698
3228
9926
1910
5350
7822
4069
2769
2939
4053
9957
1941
9008
2383
5531
6614
619
2070
7870
6237
9903
2296
4020
3858
564
5460
3888
5978
7527
7561
9570
2332
5907
790
1990
7958
4029
7729
8848
9985
5391
4884
7515
687
6105
5662
2742
6495
7646
9362
1822
9930
9526
3281
9218
7695
2890
9589
8540
3542
3996
7292
2254
8930
5994
2303
8520
8009
8539
5398
177
5986
7357
8674
3015
1553
96
6019
9226
4730
536
2051
7198
1206
550
7013
655
3077
8083
2167
8564
3713
9858
1417
2200
1437
9519
38
7288
2670
5485
705
7231
254
7909
330
8122
6761
849
8579
7405
5793
3970
456
5893
6488
7957
798
7148
7780
9158
8141
9168
9272
1935
9054
778
5061
1695
1729
9165
5306
7648
9401
5593
7877
1952
9987
3477
9057
1100
8243
6746
7921
6165
662
6675
3771
816
1399
2228
9781
9909
9544
2371
8897
6896
4236
8767
9929
5280
4304
3799
2790
7939
3392
1987
1862
8233
9853
2488
5584
8531
3092
6621
8552
5020
4491
7111
9618
2492
1566
5123
5819
9172
8593
7049
7293
9583
5570
5472
2773
2973
97
7782
8754
5854
3527
1518
7947
9868
3551
7637
4265
351
297
1671
2263
6754
1972
7990
8669
3351
9068
4249
2463
7592
3282
1485
7818
3841
8394
333
1126
2300
5575
5333
9345
6429
4882
7410
1920
7352
7970
9271
2674
377
4529
9662
1212
7051
6312
251
5639
5963
8228
3195
9673
6895
5481
8417
7607
5853
9436
7037
5
3013
2556
1462
1471
1694
4535
3236
9430
4082
7609
6905
9415
8612
8864
1854
8074
4703
1370
4397
9821
2807
3956
9204
6866
1652
1527
2588
5205
9963
3975
130
1103
6979
1927
7651
3560
4631
1861
7660
8305
4370
1421
3022
8003
3325
8193
5856
1484
7750
1621
2431
2088
6481
8282
4168
1481
3548
5326
794
686
7011
5492
4124
4482
574
9871
26
8805
5626
1304
1670
3361
3964
2159
9367
3233
5635
5131
990
3974
2128
4632
2271
4393
2399
9390
8109
42
8148
3942
4431
8289
5162
7835
5115
2755
9575
6583
28
921
1426
7668
8317
3721
3064
8225
5753
64
6585
8423
6151
2414
2803
6030
4675
1775
4003
3148
5163
1726
4166
5698
4548
1537
3236
9875
4890
7782
6552
7491
7593
2396
6593
3897
4950
2629
1841
8010
1351
4992
6729
3854
171
950
7422
6977
2671
6857
465
7146
2075
4421
5233
769
9394
868
6537
2663
7540
9856
763
6979
6817
5240
7460
1358
7951
9762
8452
6747
8497
9930
8205
7657
4676
6445
2451
4134
3472
6850
6892
7225
9176
3298
4164
4278
4464
3762
5185
9090
8568
9395
543
4605
4138
4239
8584
2625
9973
6048
9561
5849
8986
8581
9320
2419
9453
6418
1818
2137
2907
3056
7033
6513
3875
1867
9723
1892
5052
7367
4944
6043
6507
1129
8199
3825
9005
2710
1706
6764
9677
975
3353
4761
2872
5318
1629
5493
305
9483
8058
8565
2341
2866
8480
6957
6642
5551
5897
7918
1298
3625
554
9066
7024
789
7403
3209
7056
747
7200
7111
3966
2412
5054
5301
9767
6562
9514
9903
9418
8287
5952
1412
8099
4267
379
3356
9499
7744
3656
5898
5737
6902
1558
9516
9537
4299
3083
169
5787
5977
8030
1560
2724
8919
4947
8509
2641
4653
2264
7755
8218
4952
8673
9057
3392
2839
3629
9895
7000
8375
5227
1706
3346
4110
638
4223
6322
9466
3816
7169
2727
6811
6210
5346
6050
4563
8893
3990
4118
4234
8658
6141
2735
9016
6425
2737
2739
1261
3593
9176
9722
4976
856
9142
4097
7341
4439
7647
4128
165
6719
457
6115
8195
1751
6325
3996
6233
1343
1765
5278
1124
4040
5551
1465
7866
7589
1512
8891
1310
5297
3757
252
6247
8080
8029
8002
8987
6901
6534
8285
3032
4847
1279
8072
9864
4121
2759
8801
3453
860
6608
6953
3697
9905
782
5726
9683
2364
9743
2256
8367
1141
177
1667
8114
3492
4808
2663
9370
5090
7079
9319
6654
7080
9601
272
7093
6201
3601
9630
696
8135
4900
3528
6757
5974
4340
2528
8882
8909
7058
2821
8412
1097
5495
8528
2303
7011
5635
3323
6870
7529
4583
2059
3256
517
328
2122
3946
736
1274
9811
2201
6506
3969
9237
7914
4776
2356
9924
4046
1987
822
4576
7534
5423
6323
361
7395
8647
1972
5409
550
5024
5606
7254
2891
5369
2031
1429
9034
9293
6960
6565
9286
4972
3940
6968
6466
8730
2990
4881
8370
4107
1112
2442
3927
9861
354
7647
2396
7769
8692
9589
5284
4000
2634
5676
131
2353
8161
7578
3761
3717
8377
3253
162
3714
2077
9553
4771
9721
7338
3637
2600
9165
8185
1688
2395
3344
404
305
2802
4875
4664
9314
9384
2324
1227
4742
3255
2583
771
7206
3081
81
66
4101
2249
2112
9632
3575
2126
1184
2844
4559
472
8590
2447
9859
1352
8203
937
8680
9160
5855
5856
870
4727
7643
9688
7614
5940
9961
6739
2373
8745
5148
6174
1444
6989
9261
1188
5660
1144
2681
9205
3512
6649
9984
6927
1200
2327
2868
7100
7032
8134
8764
929
5927
9380
8206
1213
4820
1447
6073
6489
1240
5057
5320
5735
5460
7158
6992
6506
1283
6628
6984
6781
1712
7165
8263
2247
3579
1961
7080
6262
9515
6071
3085
9332
6585
2729
6201
8551
8361
9315
7580
5207
1236
7125
8098
456
6405
6688
5384
4871
6059
6955
9653
7503
6096
2360
9305
4091
7910
6514
9586
2040
8671
5062
1502
1895
2926
3108
3580
1166
8319
4548
6110
6568
4741
1610
6033
4999
9352
2974
786
1936
9547
7945
1117
8280
2175
2323
6088
3177
78
8865
8355
834
6412
1510
4159
3931
3063
7919
393
4891
1977
9303
652
8951
7252
9983
3183
9763
1424
1692
6335
9070
1551
9242
1253
6907
9400
4829
7332
7728
5361
8013
3275
864
7509
7192
5436
828
5685
6267
5616
4087
5421
7084
2445
4164
8061
4271
4069
6169
1535
4112
4970
5202
909
3192
6467
478
9024
5781
8648
8441
5359
1079
1362
3698
5576
2827
3213
6142
5110
4083
479
6302
7658
9426
2377
8664
3427
5317
5128
4443
2622
6913
4953
1169
6805
6217
9273
6286
4460
2145
6171
5960
7410
7810
4463
8290
1556
4134
636
2199
8832
1750
4302
9431
7225
5088
871
7273
2251
3523
8670
3897
6381
4500
7883
6557
2556
2694
377
5239
4145
7396
2711
845
6519
7580
9464
7508
4710
402
390
3186
7569
4231
2820
1371
1298
1743
282
9406
4249
2107
9330
5716
509
3812
9218
9053
1917
1330
3251
7763
6899
9450
6391
6044
9782
8890
992
7172
6102
5554
1459
748
7815
3697
9013
2178
7308
164
9788
7786
626
2855
3029
8238
8433
1645
1289
6284
7881
4041
1218
2212
9791
1110
1791
1861
3309
1372
6620
7585
4584
1708
8400
2084
6883
4655
6439
8732
7048
915
2781
9668
7251
4373
8422
4738
1552
4457
8819
170
3974
7328
7028
5777
8493
3001
3590
3432
1644
293
4576
7566
5285
5246
3106
543
460
1569
5064
1888
3288
3544
6763
559
329
2835
857
3713
3972
692
6940
3762
8055
6155
4943
7894
148
9013
2710
689
9695
3550
3944
983
595
5373
9080
8717
2654
8995
9589
6138
8884
8267
5735
437
4576
5240
8831
1662
9737
5587
1713
594
8615
324
5312
6151
8727
4236
4956
836
7156
1180
7370
5788
3651
5189
8193
4041
8541
4203
283
1768
8389
160
5094
2473
3891
5162
2942
8371
2576
8491
3142
6526
3577
3353
1655
4696
2895
5404
2161
3318
5426
7357
6269
5550
4327
5244
9960
6888
9214
2302
6311
9517
2166
5848
9020
4252
4532
1001
7347
4699
8129
2676
693
4089
1594
3854
242
5147
6366
3833
5829
7290
7041
4896
8526
3484
7716
9611
3303
1158
9334
3875
1565
7733
2999
2695
373
1494
792
6736
3713
2854
8688
7654
1311
9332
5847
9407
2170
9999
770
858
3273
1590
7590
2253
8708
8989
5119
4446
823
7386
7178
5096
2996
2035
5202
495
3083
4273
3166
5178
7679
9184
434
3992
9942
1168
344
2941
7948
8533
1010
5774
6264
7210
145
3029
762
6682
7531
9054
5561
8324
7186
366
1440
7467
6234
5657
7046
5739
9029
3718
7802
9455
3172
622
2541
3218
8721
1608
4574
5223
3128
6279
2169
2263
2180
7972
3222
7926
1624
9450
270
7048
5012
7433
4951
3161
809
7898
5511
3338
5813
2584
7022
6636
2566
4662
1602
8159
5538
8161
5115
644
4661
1408
7594
9459
5000
9477
6917
4865
8240
4430
9184
7547
5073
5023
4631
9491
7504
9432
4978
2536
6675
5591
6608
1184
4878
3725
4164
4567
79
4829
791
4885
7507
6975
4530
6072
5657
8590
5174
6963
3371
4130
2280
7822
596
2965
2959
7730
7876
6658
7587
3032
8672
3390
2618
3822
4205
736
2335
6265
2651
9698
5548
3448
3283
3513
8991
6410
1384
4507
6522
27
1649
1092
2052
5480
6167
4819
4622
2216
8069
4352
6014
7488
3439
9224
4855
829
2209
1245
6311
4169
3383
5585
3144
5665
1189
6711
2161
6791
6510
6581
9899
7750
2330
3829
2774
5829
2782
3003
9844
5002
2928
2353
859
2743
358
7180
8318
1817
362
3244
9886
630
3525
1415
6728
5601
8366
356
4031
3008
1889
8818
2355
5737
7782
2890
2268
2478
5394
6419
216
3017
2608
4756
544
3536
2234
2936
7161
20
4675
9479
8479
6284
9244
6098
917
5465
2762
1773
9548
300
6822
6885
9260
8043
4471
9421
6175
425
2961
581
7028
7726
1687
1599
3698
8727
3469
7020
1146
5070
2940
2266
9643
9396
7928
4909
6380
1517
8488
9761
7253
5828
3478
7606
7008
6203
6447
6234
4719
1662
998
241
2098
7286
777
3052
4060
19
736
555
4597
8289
4462
803
6090
7705
6980
8360
6915
2475
3684
5035
425
3641
3826
969
8218
767
1330
1370
1976
3264
6623
4516
1101
1205
635
6111
7862
3174
6150
3517
7858
463
2298
987
1202
2771
5119
3580
9033
426
878
3165
725
2146
9051
4624
9447
5332
8798
4161
7642
7985
6106
4517
9400
7499
8774
3781
3726
1739
2947
5483
1248
2135
7992
7729
7054
6819
6181
8191
4033
4232
9846
17
4335
4084
1478
888
1387
3076
1571
3799
1297
7359
4920
3474
377
2354
8576
6769
5057
3263
3652
8885
1511
6377
8812
9765
4928
2087
5412
6687
2586
5439
2976
9688
604
8995
9003
6245
1577
5794
8898
394
9180
7290
288
9361
6261
2278
901
7676
4935
8022
758
4759
778
4085
7486
6975
8332
2671
8272
9308
1812
6686
3130
4950
3190
8191
2009
3349
9602
5423
2545
8546
3450
6150
6230
27
1460
8766
8200
7680
3504
233
9896
1002
8018
1751
4439
192
8518
8867
1732
3418
4865
2610
4001
188
3700
2228
2794
5525
4802
8085
5280
3404
3954
5374
1117
822
8391
5452
1126
5730
7871
1781
5511
3118
2993
1757
2528
3522
2499
4024
8073
7382
3005
3259
2978
6838
7837
875
7493
3771
6477
613
1858
9233
2499
2558
7717
4722
5807
7773
7643
236
4494
8437
9036
7476
2715
5148
4278
9154
3566
3883
1186
6945
188
9997
6507
1328
4038
5585
505
6264
6590
9588
2510
475
9616
7051
5740
4956
9632
5122
4643
3254
4077
8579
9563
7058
400
6922
1622
4678
4305
8427
5366
4104
138
3911
7950
5517
4620
4465
1410
353
4973
2872
8928
5320
3829
8055
6894
137
6287
5510
2051
7181
8959
4412
7021
9710
6923
3813
8133
2897
2119
6222
6619
8491
5930
6724
7950
9637
9421
9749
4401
7072
7033
3638
2750
1764
3419
5215
2430
1884
8522
2722
9441
3941
3012
5691
7846
8899
4773
4569
3763
4142
7240
1270
6452
1245
2073
4199
7287
7725
1941
7767
204
8131
3955
6908
6551
6177
699
1721
3189
4951
3746
5976
5144
6674
4028
5938
3157
6959
4510
2741
2077
1087
3248
2346
8179
1392
9083
2049
2247
5572
7990
1415
500
5427
5410
8582
7323
4366
8774
9900
2156
9854
4858
2081
7861
3928
8616
1167
9431
848
3716
1963
9992
6064
92
4852
5717
4721
571
4343
2476
1157
6823
5128
4851
3042
4758
6972
2464
5139
814
9312
9502
7999
3572
95
774
6347
9592
1100
1672
396
8453
3735
11
875
9603
5157
4881
5160
2817
4418
1344
7585
4790
2348
125
1743
6752
6840
8268
6373
1816
7347
142
9306
6255
8485
8159
5859
5873
2892
9090
9059
7219
7710
4962
9110
3516
7443
7192
8653
6854
8285
8809
8531
1473
5496
2418
5988
7747
5923
904
3573
2879
2317
3772
2338
2251
4783
4494
7371
4868
7350
3273
7173
7401
4471
5231
957
3981
3056
6167
9541
3046
536
6773
6177
8332
8445
1476
3425
8401
3973
9910
940
7965
9060
7431
6930
4714
7744
6072
2950
7371
7653
8860
7699
4230
821
8501
522
6590
2344
6121
9432
8167
2755
6948
1651
9844
1487
7625
6896
8883
4287
4174
4937
3169
7025
537
9311
3936
2006
5113
8519
4957
573
6715
4484
2238
7560
1987
5638
5884
9009
3468
8583
4987
4423
1215
7968
7151
8804
1188
8938
6575
7741
422
348
8487
875
2447
9736
3179
5248
6376
3045
9868
197
9603
3006
9211
9772
7173
183
3381
6950
516
9778
4343
6330
4487
5468
4198
8442
4412
8785
6281
9323
4203
8846
2085
3582
2497
2607
7004
7846
6266
226
7412
4147
361
3629
2645
9609
7047
8893
8085
9609
1769
4698
9727
6479
67
9756
6376
4778
5893
1868
2930
7166
3380
60
7063
2020
2557
9108
2102
5034
4451
2685
851
2298
2571
7354
8702
1568
5840
4677
9509
1815
2724
2806
4361
8499
7514
2143
1668
3494
7496
1822
6778
4084
4110
5134
723
5061
2076
2324
623
1560
7970
8653
8796
8004
3740
4074
3662
284
1259
8431
3189
4135
1171
2720
780
2549
3000
2582
4286
9043
3784
4983
1120
1598
9336
2793
6341
4175
5634
4873
6007
8847
7845
1166
5100
1814
967
3318
7883
805
9226
1353
8705
9713
990
6089
2912
8727
2174
5110
820
4626
3937
7391
2489
6479
9767
7911
7429
6518
2988
9031
1314
4646
8192
9749
1248
7696
9119
7514
2251
1377
1114
9758
195
3620
8452
3972
655
2980
5522
5788
8876
4658
6178
4294
3364
9772
7372
2573
4508
538
1621
9360
51
5201
7833
4607
1252
1756
1506
7732
7139
8731
3480
2390
9376
4699
1016
5715
6961
5511
6231
3139
8219
9740
4698
2150
7374
8337
1359
9636
4369
4059
1794
7833
9508
9903
4407
3315
9042
3456
3055
1939
3859
5861
307
238
1060
9909
8630
326
7414
1687
544
1086
4417
4130
9078
3124
7005
8875
6667
8800
1848
4886
4090
1464
6584
8447
981
6
8360
9343
5982
5752
8619
2311
7736
8852
1170
1173
7527
355
2310
5449
630
4395
4984
5713
6212
2097
3801
4467
4948
5168
4087
3897
9468
2432
6117
495
5162
7063
5153
9259
7966
5690
8979
6957
1303
3155
7260
4723
6526
8268
1236
5217
9938
6612
8022
8472
4733
6163
1074
3605
8058
312
7305
639
1808
709
1715
7828
709
9305
2461
5071
2826
4922
2803
3289
5677
4758
1532
2944
5832
5325
156
2301
1063
504
3361
7462
1937
6633
9105
1724
4038
5836
6066
1422
2960
9187
9089
9011
1641
681
7817
1887
3689
1526
9715
7196
6896
1777
6353
8722
8329
2958
982
1808
6103
998
6205
6273
3204
3535
2852
5237
5604
9445
5045
9919
295
1307
1876
6546
8853
3455
3132
1774
8671
9235
5057
7249
7099
1143
2273
2288
3386
6646
3661
6050
9525
617
3274
7008
3926
2619
2153
8068
1133
3501
3297
257
6754
1181
9976
6533
9223
9898
7094
9988
9043
689
6342
7482
1771
3420
8543
566
3151
2293
752
454
3524
7426
1445
2751
3926
4858
4433
684
8147
6097
1022
2617
3394
6225
379
825
7228
6476
56
3684
9913
3191
2206
2679
9471
117
6130
9017
1353
5106
4508
1965
5883
5467
8897
2537
4386
8448
9906
1629
9301
4615
8835
1324
4439
2281
494
1691
9050
541
1432
3144
3393
6958
3869
6153
4071
3506
3240
5982
4599
970
6454
9964
338
7699
8750
8824
7269
3311
9285
1558
872
1791
9534
5450
4826
1245
3981
8971
9191
9519
9586
5494
4276
5868
9087
32
9496
8931
3328
9534
6171
327
9469
9664
9435
1437
5212
7462
7241
8097
3981
9769
3739
4284
2365
1904
260
1199
9083
9733
9583
2600
4227
928
8210
720
8604
8043
6956
9628
5623
6818
2329
4549
2362
8029
9895
6293
2217
167
6100
9688
8814
3235
6876
3736
9792
1031
9756
9028
9450
435
1200
4929
1302
1424
2371
4978
5115
792
4681
4036
8141
5902
1108
4822
6960
2176
473
4617
4571
9487
9694
5197
7214
8141
3333
336
6763
4703
692
5558
7475
1580
8169
4293
388
1969
8636
3028
4713
3548
164
5614
3205
116
3615
3516
7680
283
2320
4431
1594
6277
7349
6471
8928
3915
8726
8889
2479
6923
6355
3174
122
4877
4382
311
4582
4279
9261
929
848
6530
4891
5152
5459
4903
7831
8064
3612
5003
1845
4873
3261
9667
3789
7093
223
9759
2220
7375
4659
6912
5993
5952
7253
2896
2604
6124
2898
3017
5047
9665
783
7685
1579
5588
2392
7164
4908
7341
3102
9365
6076
4135
8846
9535
3566
1885
6594
3687
20
8020
6313
4709
7363
2286
2466
1228
6090
2586
5155
4515
6023
894
4546
7974
3915
9322
7348
7101
7968
540
828
5186
521
9903
8064
1475
7977
8906
7968
4054
1353
852
5001
9268
1775
11
6415
3144
2692
4950
9376
7998
4612
5205
6387
9155
8788
8031
5048
2567
3400
8547
7382
3979
9528
2296
4715
4268
4491
3961
6408
3590
6955
9773
4610
9050
1650
4035
2647
6752
1471
2059
1671
9299
1310
2866
8734
4066
1030
4982
9609
5907
4664
7821
1348
362
9150
9306
2823
9858
8673
7595
6318
5937
60
1120
9614
5121
559
6460
5932
4654
1810
8038
8641
7085
2858
7079
8646
9407
647
9847
5057
3306
8585
6769
3886
7962
2502
4735
5282
5813
8607
4602
7151
4676
9884
4729
1846
6747
5781
9216
3089
6107
5023
6478
2260
1574
2914
9727
6767
1026
2560
6018
8348
6635
4152
4622
5809
7830
7625
8638
4999
305
1823
6023
8609
4865
7612
7501
9765
9492
3342
9183
6319
1680
8470
7133
7274
5756
5232
9632
8787
1700
8840
421
4884
7798
3821
2816
7163
9342
7849
261
8532
9577
4713
3646
8355
7071
4883
9467
221
5809
5575
5819
9035
412
2163
5100
1093
9117
9329
3304
9390
1418
3443
5832
6532
5573
7310
8863
9309
3613
4649
3479
2239
7910
4464
7014
2210
3902
4779
2349
2726
8140
1158
1288
4190
9468
7881
2518
6181
3856
8664
8191
8713
165
9447
5687
2140
4964
7897
2734
9503
9402
3011
4739
914
101
3477
2921
6864
9041
5308
628
6218
4509
7671
3085
5111
6303
783
2750
4950
3608
1310
8437
1301
3206
8788
1403
555
9040
1225
5732
7973
1521
9292
3495
8935
6428
6290
7420
5081
8779
5396
5108
8334
6619
6641
9165
8824
3315
3513
7076
7153
4663
3129
3125
7559
8867
4500
2186
6142
3287
6591
1871
7501
1743
1579
5150
3905
124
9004
318
3399
6050
3365
8978
7171
449
1089
5569
1889
5004
2818
3884
9777
9687
3442
7038
7713
8821
5444
7350
6799
2449
755
1750
5507
2212
2554
6496
2790
7345
1208
2183
2341
6961
7926
6380
5557
9346
5586
6551
8726
7631
8657
355
9432
3946
3209
3906
8258
869
3550
1129
4477
9877
4233
8935
8620
1346
4855
3653
570
9642
399
3844
9117
9828
1665
3469
7821
9624
8792
7206
2448
1379
5809
6655
7250
4020
5696
2158
919
4223
3554
9993
8196
9371
95
8831
9769
2254
8934
2507
1375
8934
8907
8395
2828
6706
7023
1983
9054
8659
8514
8594
8190
5005
7989
2625
6271
9031
9656
3175
4102
7293
5230
2462
9564
9531
5269
62
7753
3634
3420
1650
2130
4974
3324
5692
2174
7426
4790
5303
6883
5483
9249
5372
8939
3005
4458
6971
1340
4358
4996
2042
6852
7964
8128
1419
793
597
4334
8345
9327
3190
7983
7822
8697
5323
6418
9362
5659
6127
5089
7017
5735
3882
2234
5913
3864
5265
9134
8949
1498
7862
956
800
5305
6384
8812
8926
5218
3799
5823
2871
3782
3535
8690
3846
4518
7822
1567
6298
4292
286
859
1991
3608
7991
7996
4944
9145
9226
2201
2560
4873
8603
6779
4198
1647
246
596
3540
312
3200
1020
5180
23
601
5873
9071
1758
5556
9676
8667
6797
2258
3844
9924
1332
388
1402
8661
1307
4539
4225
3236
6076
8064
4889
7945
5566
2571
5777
123
3208
44
5259
535
6149
4546
4484
2311
4946
4334
8602
8408
7315
3300
3082
1421
4344
2693
9203
2366
3044
222
2761
7032
6092
3869
6559
9459
8207
1990
376
2159
8713
9599
1724
1806
1535
3164
6960
7282
7119
2651
5081
4233
5610
114
5884
6551
6951
8660
89
588
1556
4321
1468
2312
4670
6006
91
1124
8630
5530
1371
6572
9827
505
7745
5838
1410
7791
8583
545
8465
4167
9149
1134
9776
3872
1330
5917
9100
9776
7232
9711
9373
6066
1717
3942
5221
5544
1487
6040
2761
3894
6434
1032
759
6618
3600
2337
3938
1717
5341
1943
7463
2671
1065
2382
1437
1755
6245
4214
5643
3354
3339
3102
7688
532
6704
9977
2206
5860
7621
6273
4852
9248
6171
3778
2447
1358
3813
5239
9801
1090
4292
7541
4529
9552
739
4027
3457
982
3694
6301
8107
3130
8200
8739
2188
5792
8062
851
1029
6353
1917
3608
1431
5499
8850
5928
573
4553
950
6592
4271
8325
6422
5065
8156
3776
9651
1902
145
5346
3964
5758
8961
2359
8735
9336
1381
2581
4972
1069
433
8670
2519
2803
7760
1083
7646
6293
6085
1783
1922
2933
1800
8015
2007
1843
3557
4350
5278
1127
9956
4246
8049
5957
8381
9412
1544
4968
7430
6452
5771
3390
7388
5422
2967
7339
6791
4246
374
8694
8207
6231
6783
4160
3094
5336
8476
5242
3810
5297
8017
8107
699
4221
3643
3623
3524
5867
7957
8203
9478
2431
2070
5526
4487
1408
5370
7671
616
828
1723
1775
9966
3023
24
4917
4693
6958
771
5612
3496
3122
607
5036
7242
2983
3616
4896
288
7110
1582
1727
9483
2182
5358
9323
9839
7336
6080
1983
4430
4545
7996
1317
6200
6075
4381
8461
1054
4449
4210
1719
4846
6788
56
6900
1716
5948
7012
3901
7583
5426
8350
8467
546
3659
6118
2453
9456
6041
3866
9436
2978
9773
4344
5054
4084
7444
7123
3049
9129
189
9844
8690
6381
184
2063
975
6223
5273
2524
3811
4101
5600
9073
4225
7741
3265
5439
2605
2153
1208
588
5925
9516
6832
4503
9987
6142
9165
8860
808
5447
5773
2324
8448
4056
7095
7943
8834
8035
1386
4489
406
7578
3009
4482
2799
1444
516
9123
4175
6937
8591
4371
2325
7263
9769
3031
2195
5766
7604
4837
9113
5690
2921
258
2657
4902
8676
4047
846
7308
7021
1371
8147
6567
4217
2785
3613
3167
5190
4299
7452
2897
9735
5276
5249
3358
6637
44
9156
5236
300
8733
4469
6779
6890
9075
8155
3167
3418
3693
3179
7276
3752
6746
8730
4703
74
9710
1842
3882
6995
8537
310
1602
8198
3479
295
5313
2286
8451
4557
6234
5312
8962
8881
1448
2374
6385
4899
8962
9623
1581
7300
6968
1023
2791
2159
7471
1310
1054
1042
4858
7718
1451
2397
1990
8267
9940
7800
9969
3640
3692
5608
2862
3063
7471
8734
5330
1920
9840
6401
9400
371
726
1979
6402
7683
6268
307
1471
6628
7737
8274
984
5891
8822
1825
7760
6183
9581
1094
4952
7483
5973
2858
7164
688
1037
6172
6532
6832
7496
2669
2243
993
1874
7791
4299
6021
7012
2979
6191
3306
3345
1731
6605
3943
9199
4357
7270
3862
6955
7247
2627
740
5005
2511
7138
8879
5067
2971
7717
581
676
5645
2037
9044
5429
4118
8282
8296
8917
6479
8271
286
4183
868
3850
7863
3015
5099
5921
5111
4425
325
6552
3263
7237
1238
7256
1230
9900
6920
686
4712
9328
7146
8765
6766
5881
8648
7584
5773
3422
4674
8269
3776
1819
9026
3460
9354
4199
2690
1057
4355
2833
7143
436
3112
5594
3490
1482
6084
9600
694
3454
7253
9887
9304
8980
6069
8720
9381
8254
253
5497
2555
9934
5339
8139
8559
8120
495
4285
5989
9353
7852
4679
5510
9593
4339
1712
1318
8789
875
3258
3233
9835
3622
5640
7503
9453
5992
9869
9129
859
8110
2129
2307
1969
2494
2891
8464
8291
898
9026
3265
6712
7418
9789
4990
4895
7273
676
6683
1176
8981
8791
3621
1518
38
9581
5821
3313
2681
7605
2518
690
6821
3310
1872
2298
1811
3736
4502
536
7364
7500
3888
653
6644
3493
148
9229
1298
8258
6270
4188
9060
9242
7458
2648
9425
9780
4966
8694
1855
6980
5490
469
4002
5523
6009
4838
4503
8795
1834
8353
6044
3730
2517
5205
9621
7298
6303
6452
143
647
8804
9929
6906
1576
5740
6907
9825
7237
2720
9871
3779
6748
7304
5552
8939
7727
9863
8764
4525
1702
137
5504
7096
788
5791
8301
2157
2063
7782
2847
9660
6692
4868
2585
9786
7978
6239
7095
5302
6248
6877
906
735
8788
5042
1635
6621
9842
5030
275
9171
9147
1241
1844
1843
7407
1516
1669
5499
3667
8668
1075
8110
2636
9210
6437
3292
9657
7371
7208
9353
7265
677
1792
6991
28
605
4960
4275
3742
8116
6863
2165
930
9250
1655
2432
7097
357
3227
2554
1191
6057
6632
8944
9349
5563
6381
680
3141
4584
7017
815
2257
756
7094
1273
6869
218
5018
398
6732
1808
4084
9261
2506
3170
4471
3992
9752
25
1973
6609
7587
5807
6807
6088
2072
3957
947
4725
9075
9226
9153
2272
2570
7575
7090
1734
2106
6435
9755
6291
7541
8435
4820
6337
36
2037
8411
9291
5763
1968
5376
2552
2852
789
2129
1725
2644
535
7811
2058
3522
9927
8682
966
9292
8367
1416
3427
4356
2635
3277
92
4808
6032
1047
9990
7935
2544
6010
5895
2628
562
9275
595
9702
1642
332
6582
4245
9867
1819
16
1764
6474
5189
2203
6112
2570
5209
8277
9980
27
6055
3309
8063
6906
8109
634
8923
9166
2546
5829
4067
4797
264
2489
1750
21
2803
2705
8632
9763
5502
5987
4593
6188
7353
5263
4680
9775
7747
7545
7508
7152
7632
9850
1219
8700
1478
8091
6569
6790
6872
7729
1628
2468
590
251
4171
4353
3539
8751
5871
8590
2091
9254
7118
2802
33
1807
2472
154
3593
6806
4558
1886
1826
7565
8558
7957
6026
9694
345
5839
4747
1507
8802
6866
5544
7382
6886
8087
605
7767
6577
5083
1040
5346
61
7837
3845
6784
3147
7412
6237
3416
7268
5938
4433
2268
3213
6185
7790
875
3171
9901
4662
5502
7634
5965
3353
2585
227
446
82
7472
6650
664
6038
2876
3555
4479
7241
1841
9412
4217
4240
6483
2212
1857
3437
4280
8157
8422
8242
8268
1467
5854
6177
6147
7832
4111
7571
5991
3118
9679
2532
3043
4510
4253
5530
2893
3441
3957
1092
1233
8382
141
9876
9340
828
2532
1713
7455
9691
4299
1056
5298
7699
6497
744
119
8383
6217
1975
7876
3744
8813
1943
2397
833
9582
5735
724
73
4417
5766
225
9440
2106
274
4513
6342
3190
2230
719
3427
1604
1372
280
5430
5670
5041
9002
1657
4444
7958
9883
2726
3904
7192
3974
789
5013
6160
322
9610
2305
708
6009
4600
7314
1060
1190
3191
5904
5757
2096
2778
2349
7571
7016
6867
5889
6801
6442
26
7398
4415
8743
8796
4792
5994
7021
8779
5849
7622
1110
7820
6236
6522
1102
1368
8695
2500
5199
8944
6594
1073
5251
9941
1333
5534
7889
2911
8466
3143
7810
4972
1814
145
2494
6969
8349
1363
4374
5669
9151
2762
7330
6375
3377
9548
9265
8103
2838
8144
1471
8731
4523
7663
8514
9383
7207
5416
9456
5707
6141
1401
2354
8696
6750
8736
9203
9220
4234
562
7742
8526
1049
9064
9881
1651
8321
8947
3902
1878
439
5969
9013
2164
4307
932
6418
3832
6036
912
550
3688
8206
2453
7864
8234
272
5959
8188
7653
3143
6560
5490
2857
6562
4374
676
6031
4467
6274
8972
8843
9235
2017
8383
2761
411
9904
3731
2759
7367
1021
2871
9131
8134
6554
7822
2065
8647
9666
3735
181
7562
1988
2923
7344
1905
4914
9477
1695
7893
7564
2401
7085
9444
6542
1654
9869
4156
7429
1990
3365
2792
4319
4082
8200
3703
1665
1069
9223
8030
2175
1324
8693
5019
5593
5068
1079
9312
5805
3246
6928
3734
7912
1982
1989
1706
2653
4889
3089
3214
2889
8532
4068
7011
5724
3407
3497
9625
4282
3958
909
8657
5168
6344
9732
3835
1193
1958
3304
4343
4078
7993
4912
5061
8547
3790
4098
7523
7451
3110
9202
3619
7403
8032
490
1399
5762
9725
9112
2674
2766
5010
4601
1530
7081
5317
7670
1378
9132
6413
5642
5702
4197
3116
5030
4258
6420
3087
9480
2196
5680
7770
1587
4259
1529
6530
3942
70
2338
2165
8168
9312
3175
2081
669
7607
2996
9620
378
4812
236
4329
6839
7552
6073
8249
6661
6896
6279
7732
2582
265
5862
6723
2150
3888
5475
7967
2412
8438
4999
3204
2874
5814
7592
2009
1481
9497
7038
1701
7402
4352
2269
7453
9994
4328
5584
2609
5481
8111
5250
4087
1597
3450
8942
6693
5746
619
1797
3222
4049
4286
1708
4261
7073
897
4957
2782
3017
5642
7260
3804
637
9012
8883
8673
2304
8051
7592
6842
2260
1484
9917
5426
6322
1091
9435
8248
7104
3932
611
1637
3150
1328
8106
3793
1288
848
4394
8190
8982
7011
3044
9188
7499
4862
1080
9798
7290
8144
1460
7366
4162
412
5905
2846
8520
3083
9060
3269
247
9174
7292
5057
8649
5275
9281
7891
275
7147
1046
4985
7415
6288
4988
5848
6603
5775
1163
1842
9542
3746
9069
3219
8546
1992
9954
8671
4783
5320
2891
4920
421
4559
2682
4362
5099
2398
4038
3376
3068
6599
4399
2541
9800
9562
7299
2736
5930
6685
9190
7808
1950
8526
5337
5402
9260
3393
4507
2361
1891
7635
7994
120
8515
674
5798
8498
6163
591
1662
3393
5530
3956
9119
5010
2678
517
2688
8480
3509
9331
1934
7969
5445
7997
1237
8730
5443
733
4783
8924
4676
4234
4572
4513
7989
2478
9029
6011
596
2941
1190
5510
5401
7049
8375
5980
1761
7119
9760
2607
584
516
4332
7653
1228
9333
9310
6171
2825
460
8359
9821
6381
6641
9607
9939
4290
3804
5851
9082
733
3786
3178
2309
9848
4411
9674
5634
8538
807
2911
9264
7291
2855
3444
7525
5515
3679
1691
5697
7521
3225
7254
6371
1520
9134
3003
4404
6786
4361
1024
57
3477
7284
3964
4488
5513
5404
3189
410
9391
8185
4714
3434
831
8029
4909
6372
6767
970
618
9627
2336
259
2505
5668
1244
6687
6227
4553
3182
9240
3301
483
3782
8474
2442
6449
1061
2850
2590
5155
7205
5207
816
9663
6146
2535
1897
6384
5429
7243
1454
6474
5558
2254
1246
8980
1200
5407
3455
636
6446
909
632
2642
644
6844
9326
4400
2230
8152
8374
7789
5477
3868
7330
3277
9088
5939
6563
941
6167
4451
8206
5289
2262
734
6293
2663
1889
5477
5211
3984
4237
3720
7871
3578
5582
2393
8917
6949
9379
8926
3694
6455
4931
1396
727
4103
2099
1630
4008
4890
2602
2780
1538
2509
8105
1938
8221
1569
1534
6590
4510
6977
820
910
6976
1639
3627
4196
3372
8197
7538
9127
2690
9187
2626
1937
228
2691
2379
68
8729
7334
4547
5461
9292
1302
5626
3192
9941
4949
1436
5894
5502
5514
1500
4101
9721
5504
6809
1468
9472
3339
8956
1673
1319
6061
3570
748
2700
9034
2564
4538
3576
6912
7744
6085
9504
3410
3046
1788
3788
4867
3837
8427
4617
3988
9537
5304
2896
5717
144
7130
7889
6754
8150
3575
685
3854
4831
886
42
3788
3898
9403
1204
9583
6103
8417
5923
3499
5565
6364
1095
7107
2281
60
4200
2748
5577
1421
6014
8724
115
3872
4953
2605
9453
3563
2869
3207
2145
2395
9084
1994
1906
853
8035
8909
6431
8714
6027
6002
9162
773
4272
4579
4476
2936
8663
8081
9569
1245
1515
3401
5666
2718
6919
7930
7064
2213
9259
8277
9032
3999
3977
9298
4570
161
706
8842
5676
535
1542
4465
6894
470
1392
3227
7656
3405
3118
4672
5196
4965
7473
90
1682
4091
6738
8245
7598
4572
1381
8900
8405
7287
1084
670
3002
9431
5027
8998
658
2055
1458
3393
7693
1379
3266
442
6441
2469
4528
584
6793
6165
2799
2134
4978
1376
3320
5632
5131
5290
4227
5245
6680
3409
6377
1629
4617
9852
7437
2451
311
5886
7549
2597
7669
1278
3026
5965
3197
8720
5345
4721
8772
6326
4947
9904
2787
6985
3304
9340
8752
6241
2087
4978
390
2258
5323
1960
8809
2450
8958
6008
412
1383
2387
4037
3902
3672
8203
5296
902
3778
9653
6803
7550
1831
120
7341
3743
923
5328
8878
2611
6654
6879
2913
5297
4164
5284
1935
5119
1340
1647
2996
823
9465
9863
1169
748
4171
5308
5605
8501
230
1812
9836
5967
3465
5974
980
1369
1850
6790
9612
8468
5739
8978
3176
7997
4084
403
1037
3918
9476
7560
8547
5224
9925
8204
793
8633
9365
6913
4139
8773
2072
7599
5082
214
8416
6821
1491
63
647
3122
860
741
7813
547
3860
40
8287
9003
9176
9574
6906
195
7375
3354
1249
5487
7395
5355
8205
1229
9128
8690
7648
7852
9532
9255
4778
1339
7708
3584
6481
9555
6487
4055
9928
1365
4186
4534
3549
3472
413
6127
1522
8459
4065
5740
2924
7663
9993
9880
5875
4187
3196
2277
5086
4611
5871
6750
8554
2773
3161
6041
5367
5385
8002
3293
1995
7161
4157
5264
8839
2662
9179
5463
2311
3112
5855
940
261
9067
1487
8642
173
4020
9266
5976
242
9763
4956
5481
3156
1643
5114
5375
1236
744
156
6141
9418
441
6721
8293
9508
6780
8997
7992
5111
5732
7916
5277
1700
5443
499
4344
387
8341
8974
6504
7136
6181
783
4275
1407
944
6095
9347
9495
5866
9031
8140
8213
3818
2426
6084
3981
4778
3701
5814
858
164
1139
5074
8632
9456
5724
7251
8670
3720
3571
1219
895
1369
7954
7427
46
3859
7928
4027
3096
2852
2642
234
2640
5845
6579
4103
2945
4249
1161
8400
6341
6475
2418
1392
7712
8713
2769
8997
3919
7774
7333
977
3189
3607
1657
6626
6726
3957
8270
4776
1096
9942
4030
8819
5327
9341
8904
9937
1038
3815
9495
760
7454
7412
7429
7264
5667
6278
3508
8877
8151
3734
3473
5495
172
587
129
5375
9517
7900
9640
9736
9728
8281
6858
8288
9900
2224
5701
4899
1040
8028
5801
4123
4945
7357
5918
7437
6621
3692
7918
2648
5382
7536
2542
1212
2921
562
9627
5918
8912
653
956
5813
5956
1184
3508
6088
6106
842
4503
8145
561
4751
7368
9106
2673
3780
9483
600
1901
6488
8432
3830
2999
7395
3345
1652
377
5984
1904
8663
2321
3179
1566
7168
3550
5908
5673
260
7444
5797
1236
3281
1231
5061
5402
1388
8356
1193
1856
4128
2356
2212
6780
7501
5643
5888
6344
282
4781
9650
4175
4107
1081
2655
7781
6196
1640
7915
7457
9495
1290
284
9876
7477
389
5636
1245
9888
6822
7611
1685
1313
3167
936
3339
6598
1581
4532
9567
5878
9617
3343
1590
7257
9954
5170
1909
7022
5790
7644
969
5677
1524
913
4607
3077
5274
3648
5096
7433
5765
3499
7822
1104
1168
8281
8973
718
1587
864
7018
381
50
8973
2201
4556
9127
932
3790
1477
1555
9775
4419
8937
3656
1045
4479
1712
9712
4158
7232
3937
3994
3233
7101
341
4656
929
9385
7410
316
8025
9585
9263
5867
2223
4440
3306
8719
1974
4825
7593
551
4999
2712
5197
2455
6618
566
909
3307
6
1728
2073
2188
9055
4624
8492
5703
4646
1958
5983
182
6835
8444
4384
6912
8689
7081
3593
5780
2357
4511
584
9016
4283
546
6223
2074
4480
5628
3203
3131
4205
2679
5444
6143
7523
6545
4889
4978
4795
5104
3797
7735
374
973
9357
1030
2525
1719
2708
3792
877
9479
6336
8874
5642
8006
2171
8680
3216
6264
7750
7913
4833
2919
9262
2528
8472
5350
8465
9056
9355
106
5066
2538
1067
9159
7408
4506
7581
7732
2076
4673
6271
5017
7387
1302
3401
8662
6637
5577
6482
7572
4436
4726
2426
5242
3518
7135
6465
7642
9991
231
4441
5467
2156
8544
258
502
1737
5002
1051
9762
6672
3279
4919
9114
1423
2795
9966
161
4206
835
8831
308
490
8181
9870
6125
8656
5633
4751
4425
6811
8837
2319
3754
9382
7973
293
1427
8380
6998
9613
7674
6954
4404
1050
8985
2256
3726
93
7328
500
7417
4047
544
9594
2114
4795
1944
3750
6818
1717
3886
77
8056
1922
946
9311
7687
9098
3194
1568
9731
8070
9038
3278
2283
9449
110
3313
9416
7649
7754
4728
5806
5971
1825
3497
3772
4464
7701
7174
8366
9846
6680
4488
1235
1874
8275
1556
8070
7264
299
1594
7635
495
4091
2831
2595
660
7763
3626
3693
4889
9901
4733
9132
1835
9831
6122
511
3171
8240
9777
5083
7169
3710
528
1701
5999
6577
4077
4405
7620
1390
5166
3281
3875
3213
9045
6964
8692
1048
6310
4960
4216
3689
4543
797
8088
9529
181
8976
2129
1967
560
9660
1226
6412
9195
5077
1346
3135
6983
748
7320
2671
8277
2814
4248
6896
3529
9960
1225
9430
9559
4761
2451
3600
4419
4605
8731
4836
6285
6798
1865
7077
4844
5923
5511
9541
9245
4090
8701
1024
8823
6306
2418
3811
1559
3896
5352
8213
488
8602
2313
1770
125
8840
7602
4265
3402
7388
6142
775
4555
6779
7112
266
4950
4586
8439
6447
6925
5893
5611
958
5393
4316
4949
6354
8150
6141
9762
7791
3649
4362
7589
7859
9308
710
8130
8567
4365
4131
4411
8136
8734
3582
4199
7959
3366
1501
4791
6866
8210
1875
1893
5636
1030
3420
2513
4622
4051
4061
2538
1281
5683
7661
1973
2446
1440
7715
4717
8233
1560
5602
5166
629
2799
2923
949
26
8428
8412
9674
7198
3537
9978
7658
6587
2413
1541
350
9130
991
2497
7363
9330
132
4879
9876
1779
4876
9596
4533
6929
667
8475
5903
4548
69
3257
9068
6007
2489
6207
4977
3295
5045
9508
3830
3516
4861
2264
5923
2490
1784
4565
5186
49
5829
7849
7900
2632
5472
9556
8004
5860
1343
7962
821
927
4821
9971
9036
3828
2594
668
8323
5737
6310
8454
5155
6149
1130
3708
5996
7820
8195
2094
5370
3986
3825
5865
53
3840
2582
7822
8081
1861
2270
2936
4147
194
6397
2069
7504
1025
3655
724
4526
7623
4581
3298
5727
8579
2716
9907
6217
9652
1300
8563
9326
1594
6811
181
5444
334
7533
7711
2005
7995
8706
3560
5969
9337
5820
1366
7184
8463
4124
9206
9544
4849
5513
1333
7003
6113
3650
4684
3195
7341
4343
4545
6663
3205
1043
1014
8496
9672
4621
4194
5576
6648
2530
1411
562
1556
4900
4175
9241
6558
4165
6092
6938
8892
412
5475
8319
4616
6800
8029
9083
973
8104
5640
3827
1499
763
7044
1645
1072
4592
4961
9921
5126
4797
2112
7225
8424
7849
5497
8187
3997
6331
4265
6823
2096
5962
1578
9908
2359
2665
4978
8654
9772
8757
2921
5244
6475
5128
7421
548
6949
629
3986
761
3749
780
455
3605
4545
5392
5710
9272
8958
8737
7763
7325
5452
6467
8252
8421
4359
681
6985
8888
3012
8229
5870
6962
2922
7628
6258
1789
6941
6840
7589
177
6447
7522
8029
1529
4711
1377
9760
8379
2833
732
2532
8536
8884
8584
9169
4939
9233
3014
5806
1042
3418
7066
7817
2796
388
8016
9644
3083
4451
9243
3003
882
3858
3887
3347
5334
3562
1887
8847
4415
6445
1074
9674
8969
4028
8564
7889
5494
8538
859
9869
5241
3083
9792
3883
2968
5653
6724
5136
5980
5673
9252
9437
2984
8919
3105
4472
2700
7741
6852
4619
4202
8773
8606
1205
4513
9521
1982
5162
4088
8617
3243
3154
7550
1868
2770
1413
5250
7699
1795
3769
1071
1130
9665
1642
3255
4966
7822
4147
7973
558
4158
5858
9875
8169
5424
8301
9888
8778
5978
8754
8207
4948
8320
6572
9558
8316
4564
2924
8609
5179
8303
4551
5693
9702
3148
5974
6899
6329
7650
7418
8004
9141
6262
7671
8767
6082
2558
2055
2601
280
3993
5753
6840
8986
7171
1838
457
3059
8799
1536
9346
6391
274
1470
4136
5165
3223
8958
1820
1427
9214
1764
472
4100
9300
3180
5807
3275
8141
6726
9397
357
3001
7387
998
7511
105
7850
1620
4723
9526
8917
9741
1747
5115
2995
344
5222
7755
8353
5389
8361
8704
9723
4717
1683
4700
7708
8412
8549
8083
5490
5222
8465
3254
6339
6728
4472
5452
9566
3687
8342
9079
5722
9194
8740
536
4074
3122
3034
4937
6719
3712
3015
6920
4017
5069
8432
3293
5474
3878
9963
9249
8696
4669
4980
507
6560
635
5335
870
9382
6139
6258
8437
4529
7870
9422
3973
642
3845
1256
1774
7478
3396
9648
6822
5182
6681
8346
1924
8777
9271
8551
5128
4614
5942
1469
764
5583
7897
3927
7135
1006
9380
1539
90
5282
2838
371
4511
6619
6655
8568
5076
3479
5819
3991
3582
1695
3855
2536
2565
9691
3827
4550
4007
2690
7301
3484
7509
9341
2783
1782
4448
5837
9319
3879
3393
3228
6719
5158
7311
3414
1174
8712
4937
8064
3896
8843
7127
2596
875
1382
3922
4247
3833
6113
9651
9294
6028
5839
1446
9477
1671
9987
1229
1842
4446
8010
2434
9360
8820
9325
530
1923
7703
2019
726
8631
1346
2164
7193
2621
5335
9196
5552
9131
32
535
4467
5978
9873
393
2729
3159
8565
3526
5415
4932
5417
4611
6391
3351
8787
7851
4749
7037
4932
9449
9572
2700
4462
7677
872
9827
3971
1375
4472
867
7505
7972
5188
220
1015
6337
5708
5399
3112
8130
8263
2839
7132
3714
2394
8999
2738
5122
4893
4640
142
9119
7350
6476
6376
7954
2658
5718
990
4062
4266
7510
8071
7661
1039
8684
2512
2974
6155
3862
1121
9617
647
1496
3312
612
890
2162
1913
7407
4656
1111
1911
5340
2166
5912
3828
23
7002
7870
8900
6304
6705
2832
5174
6642
4415
2967
7263
5004
1009
6182
7581
5744
1853
3907
3583
4269
3497
1201
3813
7822
3427
5328
5317
145
348
279
6435
3453
3356
5064
1841
4710
5851
3016
1281
976
4052
7852
9456
307
605
9780
2175
545
886
1534
3057
8229
3374
9917
5841
3805
5711
3166
9649
7331
4927
8225
8453
958
3723
4907
1413
607
4671
5842
7770
9470
706
2060
8527
224
3417
4173
7303
1185
260
8162
4408
4020
8076
2992
1449
7086
3054
4506
8603
8981
6625
6340
3051
1488
2705
3963
5010
9704
4149
2377
7326
9896
5320
1502
5614
2343
3290
5793
8595
7299
2303
6288
2452
7066
4918
3926
8776
6156
8467
2729
2998
4508
7344
225
9076
5826
54
375
6645
4243
4895
1168
8830
7707
9703
5032
2512
5781
9176
5297
7931
2843
7953
5988
1234
5095
8835
5481
1796
1241
3349
6723
5970
2179
6149
8050
321
4685
5720
8999
284
7662
1261
4923
4756
7267
9700
2698
3128
8968
7376
7386
8956
434
8058
6300
3600
9045
2745
2616
3954
1769
6911
5383
686
3156
7755
6623
7290
9300
7399
9025
5675
1752
7946
9712
1058
5563
871
6493
7438
9928
6267
3116
5103
8201
7174
9100
3280
6474
408
7927
4313
6343
8102
4615
544
8024
3516
9953
1469
4530
581
4107
6677
6315
9112
6645
9569
8431
6658
3609
7940
9065
3547
4716
103
9128
9865
5475
9470
7466
1791
9591
6198
5211
30
6833
1879
5824
4906
316
2093
4446
1102
4988
2090
1322
9995
6072
2889
9273
9064
2186
8608
4444
5967
2898
1010
2901
9499
4607
3910
3045
925
1798
8332
5237
6886
2968
9170
5592
9510
1816
5412
433
191
4628
8990
1572
1013
4262
1778
283
1827
9569
6349
9576
1567
6675
3714
251
9552
5143
463
6074
6269
7697
8485
7371
3370
6965
2741
386
9511
6452
6459
1782
2017
5833
8549
3849
4380
2601
5050
6160
6090
3053
4960
3699
4416
5674
958
9804
7401
9075
7199
4671
3570
4832
9615
6620
6613
2786
8973
3820
2670
2682
3319
8787
3740
1377
4377
6581
3218
9277
1967
338
8577
3143
1578
4566
1844
4950
2859
7422
627
8119
971
8116
1228
3085
8509
4520
602
3913
3001
9102
5820
6487
3896
8343
8062
6634
3342
1997
3167
3473
7126
3696
2268
9299
5639
3720
4179
2302
9924
8053
5811
2588
4498
5254
8150
5108
6924
4105
3102
5347
3925
561
846
4938
5178
2037
8270
4701
8907
790
6495
2050
7858
5790
9570
8190
332
4285
6988
8085
8568
74
9836
2771
5942
5408
4120
9271
5236
7379
5081
8114
2511
7685
3177
2255
5010
6746
5790
4030
6956
9267
8713
8743
4117
8565
7994
4448
6555
1245
5807
7529
9129
2137
3683
2811
991
1789
2652
5096
8577
5283
2636
6266
1401
1650
2768
8378
6355
7734
233
8547
4125
9015
7683
5848
873
2579
8326
3920
9366
4230
3381
5548
6389
2517
8730
7079
7439
7398
6358
1200
5478
174
1411
6381
7812
4358
7587
25
4067
4247
1945
288
8634
9053
5230
8411
3005
5725
5303
9415
6945
2794
9399
4058
2591
952
5553
9053
2264
3438
4805
5731
9014
785
3529
9564
8747
9967
9604
4262
4156
7605
7056
4519
3615
495
1255
918
2695
4449
786
8962
2042
4207
2731
1788
2954
2997
5223
2695
1208
223
4881
9310
445
9704
7007
5955
8695
8923
3273
4564
5557
1806
5028
7366
2942
3707
344
6483
9317
7472
9432
6559
5938
3727
6165
6601
3693
6863
3105
6328
861
584
3649
469
5359
3343
7688
1723
9840
4497
6524
9381
4394
6612
8704
5943
9562
7962
883
8543
1833
2012
6872
5425
4896
7394
3642
302
2536
2765
5158
9012
3235
5778
3716
3590
2315
4404
3657
8575
4763
1817
4243
3202
754
3152
6858
975
6327
3603
6663
5037
3683
2501
381
3752
9117
7306
9991
5953
1743
4767
6733
9421
2850
3896
1090
9349
3983
6856
2171
5752
1650
9397
4263
119
7946
2013
9242
1929
9318
6697
997
5107
180
1811
2054
2959
4196
9406
3171
7693
3619
5132
3870
7221
6311
772
5542
7648
791
3402
9083
4537
1994
3177
5849
9893
4279
3841
4135
4640
3682
6197
3332
8280
8401
4969
4477
8441
5078
3762
8999
3045
8538
1159
7101
6947
4387
3392
3468
3061
7064
5451
758
5250
804
3051
684
6517
7320
2429
8396
1436
1958
3597
8352
6159
9581
5383
8905
2820
2510
7352
8393
7737
5456
4537
7744
4377
6595
5798
3249
2770
9668
5588
8507
6756
9305
1905
6354
9278
667
322
4
3767
4908
5092
7602
6614
4002
3559
5933
1704
1998
9350
7108
3012
4927
3187
6707
5413
8276
7502
3115
7003
9152
2544
5504
8465
148
7142
2338
6330
3213
6903
3117
7330
4848
6236
3586
471
8391
8321
8672
1930
5262
8903
7966
5443
4629
5607
5782
7457
176
4390
1503
1981
3392
8670
6212
4832
5112
4726
8490
747
920
8998
5613
9699
1477
9098
6390
700
5808
538
8418
2322
4193
5420
5600
9252
7371
7722
1448
3285
529
2130
9921
5347
3732
9904
8307
2362
5310
5706
6029
9096
1079
3963
9144
449
206
1925
2784
4106
8041
9335
2832
6941
7302
1352
3686
1117
1618
2222
1164
7428
9634
2084
8308
4113
3626
8243
7103
9109
3894
5255
1023
2500
9082
5288
1681
3785
2992
1296
7841
5516
497
824
6611
835
8683
7475
4681
7493
4507
415
2176
5046
6936
9714
2895
5098
9782
6714
2471
6681
1260
4200
376
197
7686
686
2565
3667
1664
6781
9042
4474
9597
9317
4660
8296
9462
675
2057
4422
7360
6571
2810
3307
606
5489
6569
7864
5807
6846
8270
4738
2754
3057
314
5613
8788
2692
56
1438
3754
8100
2892
4424
2666
1050
7769
3607
1754
4231
5043
9851
3710
4765
6270
5261
9621
8294
1730
160
8343
8638
4265
8000
8876
8562
7373
4919
7683
1758
1381
5952
830
4781
4029
4402
326
401
785
4295
5120
596
5852
8442
9810
8225
6941
6222
8344
1340
5654
5858
5715
3030
554
5742
7985
2707
1883
8099
9839
1849
5282
6200
9321
8319
6834
3228
1391
8618
3287
6886
5519
6685
9427
8894
7657
1176
9187
2638
3605
569
8359
5397
9073
6876
4489
3801
1504
4273
3956
2514
159
8539
7067
6435
3851
6832
9546
6191
256
5029
2759
5153
6766
1650
5671
3746
505
3188
8647
3476
4281
5566
2957
8715
6032
413
104
9076
1627
2859
1971
8968
4755
9605
6158
3802
3070
2221
872
4242
6792
771
263
871
4484
7174
4186
1705
888
6021
6036
4091
3373
2962
8524
695
6816
7233
34
6528
1522
5422
3562
268
5208
8125
6136
8465
7978
9829
9095
5681
8739
5008
8614
7066
2561
243
1508
2448
1129
2970
3444
2611
2592
2349
5458
9103
2903
6752
9943
8688
8036
5303
9102
2293
5343
8072
7299
6230
2763
596
3691
347
6595
3650
3056
3769
2106
8439
846
3946
6368
708
3132
8804
9432
4683
3338
5026
8163
9180
5445
7652
6901
3766
7692
7557
490
2409
1700
3678
8123
5719
9435
6310
1014
578
4429
6270
2901
7716
4314
2270
71
3640
8837
5467
6757
3193
1289
5812
2503
2996
1530
9588
441
4029
5645
1272
9257
3689
705
5785
7105
3813
3017
9057
2694
1360
4853
5864
7359
2687
7670
3916
2053
739
9563
2291
4875
6790
843
510
8011
4914
4485
1734
7770
7796
7475
9915
7794
7144
5034
6055
3427
564
2150
3183
4771
9473
5891
3109
6977
9407
7554
607
8991
4897
5885
2247
6123
5977
1296
7808
7596
2356
6321
1903
7508
4291
9380
2288
6562
6289
7316
9144
2313
891
7181
6580
7712
5027
9230
3573
1294
654
1221
6618
7446
4771
8749
459
1944
1253
7575
6474
6131
8422
1696
484
2975
1794
5230
3091
9601
1008
7136
5988
3819
3603
5206
7128
6709
5981
9854
6091
9342
3713
8778
8584
9379
9127
765
5581
2468
4026
598
8297
4098
9362
7335
4944
9905
1668
5054
8975
6296
8159
8581
1428
8669
8555
6678
1882
1568
1866
1714
3512
3605
663
7921
7819
168
3684
10
3673
8592
16
131
3522
3726
4545
3961
6829
6645
4899
6026
7116
5646
4663
292
4340
6580
6312
4518
8763
9104
8
5907
5956
6470
1155
1173
5127
9123
466
6327
4583
6561
5168
154
8793
7640
8930
712
1267
6863
1125
5951
6276
3031
3102
8014
259
7093
301
5732
747
8034
4244
1345
6559
9186
7697
5618
8115
2511
9639
122
817
5046
4057
6721
7590
9996
8038
2069
8970
4751
171
9250
365
9479
9818
9641
6508
2905
1473
5512
2555
6367
6144
7933
9733
3318
3437
5137
1015
9065
3865
3664
8919
4725
799
8322
3171
131
5421
7278
736
2735
6081
5448
4510
3437
5502
2765
9824
5698
5458
3859
9842
1301
8735
2241
1913
4701
2449
5146
6990
8009
5142
4884
3352
367
2455
8743
4011
8699
2634
2275
4449
1672
3651
162
3616
5033
8295
4728
6486
4467
2228
4685
886
1610
2718
5675
4809
9893
2511
9831
2953
9569
4152
3673
2868
5403
4945
2426
1740
6319
1705
4108
4584
3564
7464
8582
3432
2846
9381
5171
4939
6354
8250
7429
779
2540
5191
5157
1161
5138
394
1887
6880
7996
2106
680
9389
9016
1451
2334
1582
4715
107
7864
4208
6755
3422
1464
4116
3177
1086
1079
927
9976
1149
1167
8113
3204
868
6293
2987
7810
9639
4749
7626
7079
5091
8613
9382
5716
3326
311
5297
357
8225
6088
9479
3643
2779
3611
6298
1811
7470
4331
5112
1254
6861
1226
4174
6468
5801
9050
2337
378
846
7335
7237
8168
914
6038
7739
7417
3506
9941
6618
607
9332
712
6653
880
8676
4861
9643
8288
7422
1752
3207
1745
9297
8290
4630
1348
3599
5930
4548
6855
4454
1277
5766
686
8449
3675
4151
8026
2415
1913
9194
2360
2055
7475
1582
2078
5170
3574
10000
