3922
2671
262
7659
8600
9471
2494
16
3716
7902
4151
2641
3988
1755
6024
659
8589
5150
9482
3198
1986
515
6372
1880
7023
3185
5350
2850
1718
3017
8773
2620
2568
4809
3829
8909
7484
2251
5282
5142
932
4624
4846
1275
2317
1549
4025
4255
6215
8686
3056
8536
9666
6503
8503
819
7399
4972
5969
3464
613
9349
2479
7859
8746
6112
5083
2451
6480
3527
8436
102
225
8333
4292
5977
9232
8619
112
263
6605
3051
2320
9670
4544
8341
2146
7897
6345
68
8431
8026
4924
6798
2304
9136
3915
3811
3195
5372
2766
698
4333
8134
1680
6568
8539
1124
5723
7712
1917
3543
9984
5146
3869
8930
9280
3683
6761
5827
6559
9926
7497
1747
3912
3873
6313
3760
8895
7732
5148
7446
6705
5948
9118
894
5714
2479
9798
1995
9823
4897
8323
5351
6157
35
9595
9798
720
2575
6337
8734
7845
6244
3134
3267
1446
7068
6156
2495
7429
9557
3830
6187
6968
9578
7353
2564
9758
2223
7663
7944
4862
9021
7255
5579
4319
6464
1031
8203
1270
7031
303
2512
62
4608
7991
4077
502
8569
1102
8043
2247
4599
8629
4390
8167
5834
9181
6467
7453
4852
2831
8080
216
5659
5960
7487
5378
4878
6196
6323
2777
3110
6931
7689
8556
636
7369
442
170
6458
4570
6033
3633
6064
8531
188
977
1236
9984
4176
338
4710
3321
9434
4561
3575
3788
4945
6761
7935
8940
8880
2902
5504
9248
4786
2101
8620
1688
7829
5151
7418
3166
8507
488
1820
7713
9596
4765
5414
2537
7125
2035
6320
3200
7635
1624
3675
7480
2161
9733
3530
792
1945
3998
4610
3445
2180
3343
2665
1463
7826
7760
1940
8209
9903
3895
3665
3641
1561
2715
4432
1671
722
4944
1784
3798
87
8436
461
8947
5927
9210
308
5304
4229
4490
6115
9782
6462
1734
339
4771
7567
2433
2026
9773
5546
3182
9096
7665
5510
9459
6618
1429
961
9430
669
7430
1637
6083
5984
5557
348
6074
5683
4897
886
2746
3076
5999
5305
8974
8809
7222
1658
2720
1394
3215
2632
4487
5574
8114
1401
1200
899
4723
3531
5513
2402
3619
2755
2960
6307
2912
4081
1987
6354
209
9815
3461
495
3222
2817
6949
3486
4431
6599
796
8186
8207
3713
1825
7291
5894
2270
8341
7628
5497
5426
7056
1164
7817
202
518
452
141
72
6706
1326
1935
453
6528
2407
4372
7408
8172
9167
6989
7709
9454
168
275
2688
648
4443
2579
9279
611
1913
3377
9061
8457
3281
2620
208
1523
1857
7672
7791
7897
7425
5179
5075
8419
1453
5075
2150
8723
3679
7932
8547
6617
2442
4825
3284
3915
4991
1012
9269
4691
9450
838
8882
3837
7116
1495
4146
801
2334
7525
7970
3448
7315
6296
2596
6058
964
7068
7639
3686
4021
2712
2839
2331
7643
3682
43
650
8932
8397
4803
4346
4850
2857
473
8727
5463
5000
6702
8494
8522
6088
9835
6289
18
2239
4868
3203
9541
4106
7353
5090
5006
1670
8903
8271
8650
4121
1814
7012
5066
1898
6721
3044
2472
9073
2173
4265
439
9500
6552
5813
841
9405
850
1698
3930
2405
5478
9317
8132
376
5518
2349
402
5003
6567
9744
3790
400
7731
9857
264
6731
9182
9090
9751
8442
9185
3875
877
8393
9535
3285
4950
956
8945
7122
2338
2979
1048
952
9616
1397
7465
5199
6579
239
6598
189
4542
7793
5707
2800
1235
6761
7219
3248
3028
6401
184
2465
2217
5826
4327
1510
5698
1942
7258
4491
1439
3781
5032
5619
880
7434
2496
9140
8647
2203
2624
8179
5741
9123
3414
4786
8794
7601
6785
8873
5882
4522
6436
8114
8901
2923
614
4410
3585
4069
1371
5028
857
7613
4019
8169
7402
9407
9239
3376
9102
5491
5559
6923
8286
3797
1774
1148
4628
2201
7302
4532
9958
2671
3403
6259
9263
6495
9767
4984
3710
4827
9041
6568
6662
2101
6526
9670
328
7293
3518
1251
8966
9440
524
6270
4343
9339
943
7175
566
8951
6708
9135
8300
3666
4854
6386
2924
272
8016
3554
7231
5280
2444
3369
6883
4045
4301
8782
6053
1042
8704
3192
1430
5600
6274
7208
5052
5419
8798
4175
346
2272
9011
9562
1175
437
9482
1221
684
8614
2120
8525
5320
341
2905
8431
9531
6261
6122
5634
8304
3977
8586
2145
8001
7699
7120
8867
728
392
1922
8041
3881
5712
4332
788
4412
5682
11
8418
6911
2740
7548
9629
5615
1564
8137
8305
3115
6929
4093
8203
2716
8709
2726
1518
7135
4123
7355
8023
3571
329
9094
313
4027
7544
1459
8511
224
4026
4806
4749
4442
9440
9147
3684
1177
2419
1979
412
9657
1439
2444
1191
3914
5543
4323
5619
5391
2878
8173
1096
2869
548
7269
1744
5853
8861
2890
4279
542
6680
1990
2790
1964
2306
4317
2840
1946
6081
6629
2854
212
6734
8833
7399
5092
3385
572
2594
1065
9065
7099
8656
2701
9649
73
8365
8405
4169
2388
3115
2845
8598
6048
119
3918
5443
8686
5335
8694
5710
7382
6731
2886
8159
8137
1605
95
3152
5531
9870
336
4851
9907
2422
2147
6050
8780
49
8978
4486
5025
3649
8488
8134
6946
995
2882
9695
4283
8746
9482
7237
9866
954
3351
8805
8761
6945
7998
3677
5473
2088
5908
1938
5051
4765
7986
7015
5805
1575
9876
2937
9734
739
3535
9206
1736
555
4473
1365
212
5739
8613
4645
9778
9562
7866
1353
1429
3783
186
122
6757
1552
8153
6535
579
711
9910
190
688
6191
7691
2849
4357
602
2088
5945
8670
1500
4729
3436
5828
2323
8089
7750
5123
1530
8791
2423
486
1093
9934
4883
6184
1160
8754
6828
3567
2441
8221
7636
8581
1682
5058
8346
3190
8438
2114
9863
3812
3286
11
9289
6405
8603
1566
2492
946
3092
2608
9420
7696
336
4486
998
3857
9846
6846
2949
2035
6293
4040
2363
1232
8932
4933
7446
7041
8561
3781
9504
149
3812
9389
8926
1317
2028
807
3708
6571
2549
437
9874
8541
1834
9639
8057
8548
522
7659
9451
9376
2268
2012
7360
474
2989
7354
7657
5767
7021
283
2604
9200
3611
9541
7693
4705
3147
4640
425
5337
7586
1052
3293
1021
3647
6818
609
5554
514
3663
276
1277
6026
5511
7134
4212
6629
8712
4072
3333
6734
1172
752
5131
2538
2138
7495
8658
3859
409
3635
6833
5088
6400
5505
6951
2955
2660
9070
7060
4504
8206
6224
5143
3391
4343
1736
4904
6422
3515
9963
5355
5110
8189
6545
1363
8960
3743
521
8881
8165
7935
6584
1638
3450
9621
5502
5761
9928
1091
3133
5002
9967
1662
4927
2023
7354
4954
3300
556
1295
8662
9881
9151
4177
3591
3247
9686
1448
8198
5463
2870
5419
5966
7551
8552
7396
5561
4789
795
4108
7908
7674
6427
5114
69
3319
1031
7574
3133
5073
8200
3595
203
5248
6290
3209
986
6948
1868
2960
1523
6238
588
6084
1133
5135
4336
5290
3794
9230
8107
3285
7861
1161
1353
9327
6273
2604
6272
2377
9218
2951
9884
2659
2611
2453
7639
3854
8659
1222
3768
7538
9303
3209
7639
9978
9406
6037
5949
8954
4134
3389
7764
4871
4227
6562
3131
6102
3572
5731
6264
3262
5802
9510
1160
871
551
3450
913
7760
5401
4284
1947
9492
6584
6901
936
7031
52
5339
5280
5979
4659
7383
7644
9780
897
4755
1311
8487
1857
7361
5863
1903
7935
537
2065
2231
3142
8851
725
6701
8845
8650
2779
5092
263
4228
6883
535
2083
9295
6389
4540
2226
6219
9730
8806
6951
433
6994
7021
6256
6340
688
9648
5833
4069
615
3422
729
3524
1134
5208
6291
3293
4063
6757
3983
7210
2045
2894
3217
607
5241
714
5485
1648
8918
1495
3741
515
702
176
8275
668
4041
9523
80
1922
8784
7366
4151
4686
691
5689
8037
8305
9132
9745
5524
4196
6319
3881
1332
6212
1942
8291
402
6505
4305
7527
4470
5054
2736
7292
9440
4970
6335
732
9335
3725
995
9297
6504
2503
9992
6064
3210
2051
3469
1341
6695
3583
8614
1385
8418
7566
5478
1087
8274
1558
2997
592
6271
641
6035
4021
7443
470
7017
5661
534
3455
5103
5321
7415
3180
1727
9885
8096
828
3812
2546
5729
35
5018
4665
7037
3424
946
7763
6246
4851
6402
4762
4790
6320
1541
263
4781
7457
8987
9382
1601
8466
5885
3482
9804
4563
3223
8968
6970
1026
9771
2270
2175
3208
9479
100
9273
5124
9298
9136
332
3552
9033
3376
1263
1991
6060
607
9900
257
5531
1648
6648
1027
1023
7323
9154
4228
1500
8515
5425
3784
7936
4017
4288
8969
6972
9447
8190
4373
9570
7997
927
8298
9802
411
2098
9321
2619
7273
839
4705
9735
1401
3679
2354
9593
1959
5279
84
816
4748
6203
2147
8492
5079
8923
3114
9179
586
1789
3528
3621
1420
829
40
5823
4360
955
5150
3335
5545
1369
8117
6417
3774
4802
9139
3048
2630
6590
3462
2715
5029
7525
728
4323
8222
3930
7592
2656
773
9457
8378
3373
5580
5755
9390
8710
4612
3324
7400
4769
1717
9640
1755
6543
9587
8926
2589
8708
5774
6864
4713
8579
489
3923
7862
2633
5875
3043
9226
9515
2397
928
3429
540
3070
7358
8464
3375
325
3608
3486
5790
3528
9319
5805
4160
7358
6973
9957
5745
2590
4511
1308
4674
1158
9565
268
9049
6822
3275
930
590
1226
7737
9687
8871
2708
8748
5232
9326
1805
4701
1219
7937
3105
3236
6842
5812
7796
9576
8573
3668
5098
4343
8426
9702
3588
4091
204
4237
5392
4808
5433
1116
7164
7169
4943
8883
1859
2504
360
4467
4383
69
2219
8282
2398
9526
7804
2466
809
7292
2381
3310
4709
1837
2056
4845
983
939
5126
3012
3144
3389
1500
8900
7498
8725
6551
5098
1246
1195
6558
1399
4790
8330
7820
4786
1125
271
461
3939
5003
3300
969
316
3286
9909
4590
6318
5822
8176
9849
5950
3061
5221
2649
4998
2652
3067
6716
5780
2264
399
423
6213
38
334
7478
4166
7207
2641
386
5817
9686
8610
1104
1128
6711
8176
2919
417
4991
1830
1200
3497
6239
4353
8376
6885
4443
3479
276
5168
6796
4217
6788
9796
8793
8743
9685
2252
9709
2539
4428
8883
9367
9768
765
1469
945
4728
9027
1066
7407
1717
5182
2584
1072
2577
7873
4130
6826
9819
4984
8219
9524
3292
5565
1623
5254
110
5367
6852
4280
745
678
1038
761
9059
5676
7335
598
393
3093
9869
4144
9773
6628
5735
4947
1819
6251
6573
9150
4975
4293
7837
2751
5328
1094
6060
5528
9462
3804
3110
1090
1552
944
1727
2290
7215
8338
8475
9990
5503
9076
8654
1063
884
1361
2681
8431
9030
3256
4995
1909
3823
2637
4615
3707
8106
3985
1163
6510
7377
1026
1370
5275
3916
5720
8860
6085
8616
9566
4383
6717
9167
2823
4527
3937
6216
851
4467
1959
3579
4496
4291
4996
4677
3217
9067
4367
5001
5464
9976
7257
9565
733
7535
9869
5096
1656
8239
2486
8999
2516
2778
7714
1033
2654
7418
6077
9046
9374
71
5027
7148
5158
9149
8450
3247
8280
6368
3769
3002
4221
4326
2868
8951
7693
5931
1250
6793
1529
5479
7046
5661
9224
599
7820
5558
2466
132
8461
3087
3672
5507
7878
6122
6229
2220
5715
9093
1909
3587
2820
3228
5757
1130
857
249
3658
4666
7075
3798
6718
434
34
167
9638
7482
844
8776
7321
893
2360
3326
5106
5441
5694
6482
3217
4792
9384
4582
5298
9426
1620
3944
4224
1186
33
7047
5768
3491
6722
5133
2166
4120
8434
3548
3147
1753
3127
7566
1550
8398
4467
9349
4322
7303
5284
1200
7371
9963
9457
6342
4542
6456
9268
6082
6776
475
1877
1387
7459
4165
4228
7691
3858
8140
450
4015
2619
8910
9608
1417
9341
9364
4519
1172
8401
7893
4273
127
9405
8320
4091
9215
915
5851
6184
1256
411
3963
4418
5842
1874
3313
3731
2380
8789
6603
2504
7158
933
2614
2387
6697
7840
8577
5428
7570
522
2500
2794
2389
5713
6105
2852
2716
3658
4627
8916
2282
1321
1892
8607
8099
7769
7786
7404
2767
7436
555
8743
8653
12
8170
1794
3422
2744
1440
5909
6911
2121
6507
7675
1280
7096
5896
2466
9983
5260
5378
7462
6192
6733
8587
7201
8035
7921
2527
5901
6221
8727
4898
3036
9467
2355
8517
9945
4521
6397
9021
5602
481
7545
9506
9128
1653
9976
9776
5072
9239
9238
8508
5078
9755
9259
3750
6134
7305
39
930
1293
7550
7511
7816
3481
3564
5071
2713
6815
7607
8389
5606
2703
8317
1213
1905
9941
9811
124
5009
8974
7739
426
6976
596
7492
3736
6260
8395
1412
169
7699
2506
5153
4532
2696
9400
8109
6414
6923
8797
9240
8645
8743
4092
7538
7276
4046
7165
5903
8874
2214
1894
8233
7756
3523
3238
2195
6579
473
408
4296
8602
4213
3264
9653
8898
2556
850
6172
4812
7902
9770
1698
3028
1794
7953
3172
1771
7812
6307
8815
1849
6036
6720
7915
9538
416
9929
7946
7622
5019
905
5407
8286
6385
2527
5046
3049
6965
617
1936
405
8984
4661
2244
1430
8982
8911
1489
7281
736
8015
3563
177
8326
9761
9881
1248
1678
5114
5631
4463
4100
2305
9290
5730
5025
7429
2340
234
1469
8723
8398
9075
8568
5509
4893
8367
2941
5650
5829
94
2619
7269
1185
4217
3806
1502
7084
5808
7829
3070
960
9313
1294
4592
7665
4416
8700
8720
5701
4475
9515
9423
7579
8981
1103
32
4680
6081
4763
1044
4932
9861
4635
5072
1132
9774
8252
9848
8787
6372
3120
2721
4984
8341
5848
1688
4001
703
9096
8703
1091
3042
6873
713
3226
9591
577
2691
4427
128
6551
4787
3772
1754
946
2638
6166
6824
9161
5883
9521
1605
5271
4953
7114
3516
1479
335
604
2239
8878
1675
7416
1421
8562
6328
6017
3214
6499
8252
4010
7479
6462
8512
6880
1122
2813
8082
9746
733
8928
2119
538
3470
7704
2430
634
6958
7673
1468
8194
8867
2054
6866
164
789
8272
244
1267
9038
2389
7852
2130
7113
6261
3425
4182
654
5204
5609
5924
5978
520
3248
3768
7510
4283
1904
726
7779
3486
4096
7981
6034
6834
3879
7549
7977
288
3683
9133
9657
6765
7564
576
3113
1367
429
9322
33
5912
7205
1738
2368
5647
9394
8270
5631
6549
9035
4981
1434
3836
1672
6253
699
993
629
9156
7951
3915
4611
7318
109
6625
9461
995
264
3401
2752
497
8095
7159
6823
2104
3762
5440
1867
9194
1386
3457
5701
6418
1561
8312
979
1448
9741
9729
3781
7079
8773
403
9741
6278
9407
3438
5181
4161
2146
5239
1072
3786
7490
9712
7076
7206
9296
3622
1412
9228
7755
3608
9814
9005
4329
2462
3499
3741
867
6029
1692
9567
9078
2366
9038
6926
4572
1625
1990
1737
1730
8557
1146
8978
1836
9491
8425
2394
7096
2181
8961
2560
7434
9993
7636
5672
5287
1600
9296
7120
6022
3528
9850
7166
8042
5712
2718
837
7168
9552
1347
551
4475
3879
3937
7903
5379
6685
868
570
505
9547
8888
1329
5613
7224
8590
8832
8704
7103
3387
3966
7295
1870
8812
1361
7851
4060
748
2952
2332
3012
9970
9355
3924
3132
8239
5265
5153
7360
8131
7088
6798
1264
4758
4580
5262
1269
2578
3397
9418
5205
4625
2135
5328
4569
4643
5719
8679
5671
4855
6787
312
1211
3398
8100
9797
4686
5806
1968
5637
7568
4356
7138
8411
3164
7581
9723
4912
1695
9794
2296
7182
8303
7073
4537
225
9371
1859
9531
6150
2867
3020
2131
496
5256
2058
9698
8590
911
8978
946
5910
9966
3289
5648
6650
7039
6563
6484
8941
6397
3037
4491
3508
8751
3879
1216
4958
1117
8862
3955
1312
3956
6486
5261
7945
9141
9826
4291
6668
8221
807
5500
9315
2918
9976
9667
7925
8819
2356
3360
354
8839
2529
5498
1014
5159
3657
3932
1278
7102
5884
659
3110
7657
9254
1636
2431
3234
5095
6023
5863
9624
7688
117
5614
2114
4942
3266
2458
9243
2815
6578
6071
7789
3225
402
5268
1196
9361
3238
8122
4936
5421
2963
3355
21
92
1112
9964
262
4339
2299
1568
9772
4479
3810
5644
4676
891
4926
5513
7032
1243
1546
4703
9553
4631
9375
9138
6882
9663
8061
2519
2908
5178
9480
4192
3859
7031
5640
6831
3796
8175
5560
3333
2506
2135
5943
8480
5773
1889
7429
1114
4566
7151
6812
6843
2717
3117
5693
9630
2395
2831
7783
3002
2844
3505
264
8076
661
4371
9475
6125
9242
9928
7550
7961
910
7830
4561
1090
7732
5054
257
8261
6053
9502
513
7844
5376
6732
6255
7244
4362
3104
6822
5515
5471
7338
5444
238
5025
2180
1879
6779
7323
6699
6077
5105
9858
7588
7222
494
1645
4748
4478
9660
8210
2470
9337
3103
4878
2518
4601
7808
4663
9570
1709
1819
8278
2636
6376
3659
1577
8296
2327
5101
67
2926
4289
5361
1060
1405
4328
8423
1485
9265
142
2934
3428
3686
9973
5846
53
6323
6426
6835
1728
7542
671
403
5876
7324
9277
6537
4395
2834
8213
8806
9293
6447
2437
866
615
881
4950
8477
717
20
6172
4351
5454
4994
3070
7410
5956
5120
7602
6360
4335
2437
5709
9891
2859
6731
1376
2264
8936
5181
5053
3549
7598
7070
2141
8391
9057
9343
5164
5779
1408
3239
2758
5041
7559
5701
9689
27
1097
1816
4693
4292
7913
6152
7179
4951
9168
1528
9547
1888
6455
3501
9191
1958
1842
7632
3164
4941
3905
4476
8877
9142
5835
4150
6250
9716
3216
8331
258
2105
7183
2570
7973
6253
3333
5938
875
4699
7950
8169
1462
9092
935
6738
3006
5168
9136
7567
2671
5847
4712
3445
1161
5718
606
3668
6548
7895
9270
6873
6031
6014
1350
6607
6945
9931
8215
5782
7601
3616
5920
1831
9223
7660
8503
9117
2612
6854
5327
8967
7005
5363
612
526
4077
8162
3259
7590
6997
7620
1615
7537
3037
8367
903
8529
8355
1922
722
281
5260
4946
6222
1851
5515
1447
9362
7146
8069
9764
5985
5152
5948
9762
371
7232
5012
4290
1384
8281
6778
1680
3366
2004
8542
2805
548
3135
6715
7073
5860
1020
3429
6613
3792
9669
2240
6856
2209
9117
6086
4753
9889
1729
9492
2930
4937
4938
7505
9233
4227
8862
5801
6330
5534
3178
9997
5279
2134
2733
7315
335
4278
5447
440
9622
3215
9264
1665
7799
1161
7110
5223
2313
5012
156
7107
4464
2483
10
4576
99
6805
9906
2098
2510
199
3440
6498
1835
6882
6952
1744
1100
3565
8252
2963
8973
9094
94
60
3176
5179
1492
3600
6612
7012
3815
9505
267
5963
1433
4561
3130
6518
8620
1717
9572
6183
5396
2742
8892
129
5060
5906
55
2050
5245
8079
7065
8901
2540
3846
6842
9991
7923
9101
2022
213
6564
2913
5644
3156
933
9437
3360
2257
537
1112
1492
7226
5133
5476
6033
8559
777
541
8522
5099
9728
7869
9607
8349
5838
8234
79
2517
6853
2078
2154
1093
3811
5835
896
9217
5610
5655
6775
6017
3710
2035
5598
2659
7967
2457
1282
9942
9590
4236
304
3917
1379
6487
4026
9246
8525
8368
6565
7792
5529
557
1392
4272
6076
8323
9416
1725
3061
7469
4969
7010
5394
8932
3788
577
6699
3907
8891
5369
8566
8948
6035
6845
7622
9744
371
9858
1373
2968
9845
8389
2494
7944
8924
995
5054
3744
8288
8231
9010
2766
2301
8273
1239
8834
6249
3512
2364
6466
9619
3988
8668
8022
21
3159
7510
7187
4727
7772
2834
472
3306
6345
4588
3227
5280
124
2178
3047
1378
6311
7430
1396
5557
5782
6981
3748
7679
6611
7486
9649
3521
242
9569
6703
9588
9367
8096
6677
5121
5257
6974
7680
2639
7583
6454
3684
1357
1618
9689
1531
4934
6107
3175
6005
6107
63
2630
5550
6011
8305
1825
4797
5226
3605
6965
5160
6928
8012
3315
1474
9930
7122
3918
895
819
8836
2536
88
9962
2523
4194
8113
5677
5384
7106
5360
4560
303
9158
3382
3627
3486
633
6540
1721
816
2394
3999
3444
8967
5360
9812
8786
1083
2785
9567
5570
7072
1582
4410
9838
5456
2737
7092
1402
7076
3715
181
7927
959
7690
3538
1086
9178
5406
6744
2639
617
5544
2284
6594
3236
8556
6980
5992
619
7128
2435
9338
1417
3646
27
2198
9595
1356
2425
4070
9330
1255
1475
9277
873
1194
1860
3338
2713
7134
969
3035
993
9072
8050
9240
9251
5739
9908
6421
337
2876
6167
1759
7579
9593
4423
9763
4162
6155
4484
5405
8063
4366
1359
9893
4881
8670
8631
8449
2407
2054
7427
8676
8900
5917
1327
1492
1673
7135
4236
3933
3831
8771
6508
4634
4771
3095
4397
8289
4409
6863
9331
4988
2005
9202
6397
3935
7927
1837
5967
8821
728
9901
8433
3818
2509
9115
9651
5054
2689
1732
3906
2276
4045
9310
1918
9395
5136
5139
3770
606
108
2901
484
856
250
1056
3425
5593
1670
4326
7709
4912
9974
4661
4360
1495
5938
4114
6087
69
5813
1162
3233
8498
6133
181
9717
7082
5672
1023
3585
3145
6535
1945
3183
2595
2305
4492
7884
8749
3600
3370
1815
1456
446
7823
99
6296
6490
3584
9743
4464
2181
6075
1490
8854
2822
6204
4725
804
2650
9864
4815
4977
7953
992
1158
6937
638
5966
4648
9134
8644
3988
5254
6187
1122
4131
4008
9656
4390
4740
8789
5800
9354
5016
9986
7216
2270
1773
408
722
8547
6596
3568
9343
3606
9924
5899
5855
5726
8956
1356
8986
3283
5680
1398
1054
2828
9834
9372
7631
5019
9147
5974
5611
2615
5803
1648
5977
8431
3791
2519
1508
1461
6472
8794
7687
6199
7571
8419
7160
3606
1590
4242
4208
2161
1613
9917
5947
3919
3442
8353
1187
3653
5041
6644
6257
8767
9406
3097
9465
3916
7112
5239
2322
7042
2069
2485
6192
2885
278
3526
7594
5923
6770
6462
4029
7193
314
9166
4916
8443
8972
8451
8980
2696
2142
9260
263
2434
6317
9233
9847
5351
2481
9823
9284
2910
2786
2383
4810
8756
2967
6588
8427
2479
4803
8929
3155
9183
9855
1081
4891
6824
1706
1454
2642
1421
8965
8414
2170
4856
5436
314
5537
1242
6972
5737
441
5583
6849
7187
8797
2822
2703
2802
3556
6280
8522
3639
6435
1929
4547
8574
6903
9030
6439
4896
4562
8201
2641
350
2877
5194
5439
1532
2107
2335
6929
4309
3237
9897
5812
4256
2745
6506
4757
8960
96
1088
920
9503
6018
8840
4126
5421
9805
248
8235
6012
8169
5250
1225
977
6488
4322
8664
5098
5693
4475
3402
4864
4488
935
1557
9813
7117
4622
1174
7720
1476
1466
5270
676
1005
2040
5442
8657
6492
9060
5672
8189
717
5857
8514
6390
9659
1132
7481
4821
8906
3973
90
3368
2850
8445
5801
1652
7278
8865
1833
4367
3039
5330
7758
7388
9614
3988
6654
3468
2622
8113
6601
9930
8567
4121
1361
5885
3442
1326
3170
3185
9235
5462
3782
3576
3789
3769
2091
4341
5031
3801
8012
6089
134
8999
2606
9275
3836
1583
3912
584
7840
7298
6396
6297
4970
7191
9488
7479
7631
8722
7302
932
9961
2259
7289
666
7055
9264
313
6932
2647
5344
8457
3736
8711
4737
9700
1207
6593
2777
552
6170
9491
9420
8701
2877
351
9999
7802
5928
7608
9048
5612
9143
3561
9229
4892
7390
6649
225
3687
3159
9401
1754
7940
6097
8420
811
4719
1617
1395
5687
8783
4223
8849
8370
8691
2232
5093
2499
1210
3239
3690
6243
4378
3815
7619
8145
277
2710
3294
9311
8276
4148
602
7112
8330
6657
8204
4031
1758
3337
4500
208
3876
1457
9832
9806
8816
2853
4817
9401
1931
1697
2971
1254
9294
2942
3231
5549
6973
2944
9410
3468
4983
3620
9130
7316
2151
2874
4398
4807
8458
6921
9571
2119
857
4705
226
4319
7057
617
8168
2409
9312
9373
3671
3339
6855
6098
5918
3113
1297
5408
6578
3354
4053
5599
9468
8559
8652
7940
1320
4692
3633
6478
4837
9699
3690
802
5404
3112
7675
2744
7099
4954
2143
8148
1982
3858
8225
6513
9029
501
7787
4558
5518
5259
2080
4612
4231
8323
2368
5053
4369
6432
7395
8006
2746
2839
6975
8985
4547
6171
4469
4247
9650
9437
3472
4228
1412
2581
5619
5654
9653
730
7146
634
8554
5534
1502
8399
3208
8859
4185
4182
5622
6517
3781
214
2129
4648
127
5782
9365
2941
6521
6892
5235
6958
7915
1162
4629
6480
1182
307
7024
8033
6680
801
4586
7511
2607
3115
4885
3176
4906
1336
1928
227
5882
7858
2853
5570
4077
2405
5317
5498
6449
651
2426
9558
1475
5360
7812
1031
8357
2157
3434
8216
3238
2791
6563
928
8036
1037
485
3530
1314
328
5506
9185
3471
7570
2982
9992
451
4644
5334
4224
1166
7656
9231
4951
3858
4108
7492
4014
5774
9866
7636
1525
8650
1047
1452
3854
9781
766
502
2404
4736
7050
7035
1399
3123
6188
8437
5357
3268
5257
6037
5979
5121
8656
5883
3763
3280
6091
9899
1805
3616
3653
754
8002
7666
5368
2707
7111
8691
9937
3727
6001
2110
6233
1258
3818
852
1584
5150
3773
3122
8865
6458
4779
6061
1970
119
9269
3790
4406
2809
8186
2505
2377
4694
5351
8399
2046
5245
1200
6471
420
8788
225
9548
717
5070
7376
7228
5997
3724
6128
3878
9343
9261
4963
3275
4946
4966
9625
5077
2080
9887
5633
4870
3114
3047
9296
5262
7511
2909
5720
186
6026
8183
9170
8397
3223
8120
4544
5012
1861
6592
8699
1856
9713
4466
6876
8354
7911
9023
2609
4790
89
7537
9121
8832
3239
4502
6443
4407
4477
8447
1299
9261
2714
4808
6107
3810
612
5900
9376
9279
137
7675
2261
7525
4540
5664
5032
8434
631
9243
2857
3352
7876
4242
2421
4578
5005
8751
9642
1665
578
5976
4012
4983
1293
995
6968
5805
661
5348
61
45
1141
4540
3706
9688
4816
8741
8798
1955
1259
6220
1595
1268
6367
2417
6901
3234
2625
4900
5849
2986
9518
5956
2308
2508
2630
42
6335
2834
1326
2938
3967
7394
7875
3057
143
2177
5363
3099
5562
6910
7801
1967
8879
8950
3490
2745
2820
8250
1848
2374
6486
7378
4706
2661
6433
5354
5351
250
5923
7844
2509
5279
5195
9107
1858
4559
5521
3037
4716
5375
6407
1596
2059
204
8333
9022
2189
1033
3131
9270
2043
4327
303
2346
5404
4146
352
2411
6053
1454
5571
6840
329
2209
4625
787
1454
5499
9732
6218
7525
5664
4288
7870
6096
9138
4380
1139
947
7551
9780
8511
779
3551
8738
1834
5370
4724
6175
7439
2002
4053
6722
9955
3886
2392
2468
8485
2704
9608
227
5764
9438
6237
4701
6896
1185
6747
1981
9301
6802
8880
2500
9641
902
883
3781
6659
3994
9932
1081
1071
6342
550
8416
5011
4533
1411
3307
3830
2656
2556
6123
2504
4502
2763
8863
7401
9266
8564
8875
1667
860
2255
117
9157
118
6112
8332
7456
9949
4001
6741
5313
5797
9581
5771
3583
7638
2369
3656
1653
5193
9107
4819
3239
5049
8030
9380
6422
6901
7960
308
2870
6319
2417
4343
257
3070
1391
9065
116
7328
9831
1242
550
882
2446
972
9564
6854
8978
2002
118
9366
2776
1106
2432
4093
8167
8425
2565
1730
8927
6275
8830
8982
952
6077
9223
5922
7141
1789
3723
4287
1459
3509
5044
8601
2149
6759
231
891
1160
1356
3342
220
7992
8775
6399
221
1360
8408
1751
1425
1361
1256
4071
278
8140
4204
4294
3438
462
9308
997
4192
9027
233
6939
7655
4924
2408
9808
2775
3140
4302
6531
2131
4754
4733
9998
4985
9079
5155
5471
5144
8845
6447
1533
2775
7302
6894
7045
8558
6039
1783
1229
9256
6260
5290
8761
6151
4273
2223
5529
1624
4043
545
3597
4627
5787
5611
5816
2796
9793
3576
1535
7490
8931
4503
4888
8205
1639
5400
6261
4484
9554
9593
5726
6684
429
1670
4418
1800
7498
6519
6206
6908
990
6959
7294
727
6204
6878
5863
3315
5194
5843
7329
4960
5929
6772
3351
7972
3589
356
4320
9257
3588
8699
5746
7316
4828
5895
8709
4626
4732
5107
3292
5222
4690
141
1840
7763
5660
4448
5755
6345
8919
2063
5561
4907
6181
3029
9003
6178
6661
579
6061
2836
6037
8500
2940
6770
3739
4948
9317
2172
477
3287
4442
9554
7541
1452
8043
717
3014
8798
1411
9229
7765
3449
2518
6990
5853
3715
6594
5136
9788
4365
170
6680
1012
2199
2289
9081
9906
5695
1318
7202
7631
327
9584
1046
4223
4571
934
8047
3485
1573
8237
6733
5416
7998
8814
7130
1212
4672
5866
3388
4171
3289
3051
5830
2255
9663
7547
2850
4508
6806
4180
7910
4026
451
9477
3271
4794
5544
9886
18
8312
4701
2817
3449
8661
8663
2645
3967
1413
4381
6364
6225
2623
8504
5205
3483
9041
2783
9177
9880
9624
3183
1265
619
1461
6329
6781
8991
285
5330
1246
9532
6909
2002
7103
8680
6113
4026
5539
7814
3780
3696
4753
8701
1418
9536
108
8079
4589
3336
4791
6322
3206
2884
1830
4995
7230
5060
9617
9433
797
4851
3462
5459
1528
3301
5105
3835
9432
1474
610
2110
1589
8082
4627
1155
4634
5592
5585
2874
6970
3349
2093
6318
6554
6541
5531
1742
8164
6659
7634
6049
6095
2543
4708
8466
4412
1040
2078
2324
7048
2868
3308
7379
4354
2350
8830
7223
998
9347
7691
8028
2516
7956
4313
8141
4279
9291
9425
2815
7155
5044
573
4792
8708
4400
3011
9347
7457
9387
6213
1946
374
2725
4669
7683
607
7896
4267
4361
3235
3254
7082
5179
1726
762
8151
2841
6781
5196
7470
4122
2195
1520
9330
2874
9517
6529
8880
9855
4369
5849
2828
9784
2535
8883
7074
9577
3184
2434
9217
6859
9910
8334
7901
4525
7677
1703
4213
5385
5213
4167
2529
729
7909
769
9522
8042
5859
193
431
6029
5321
5382
1054
9600
9584
5682
2493
3563
7005
2233
3151
1360
9778
5480
9144
4404
6929
7409
9955
8299
8958
1387
868
4563
9585
9333
7554
341
2117
9363
1013
4026
4113
7004
3028
1722
4225
9632
3243
8047
9361
6856
9045
4879
8626
9254
8546
3376
2936
4064
5116
7814
5596
9239
9165
4623
9711
6605
9176
6382
2818
768
9339
8451
7829
2906
5581
5443
2032
7591
5234
5794
2693
6394
8193
5315
8620
4187
8954
4798
1952
2767
9664
2504
3375
1726
4006
9679
7003
8307
555
6112
8228
6439
2110
3187
8997
61
4424
3906
170
7438
3728
2882
9878
1203
7525
4478
150
3575
7203
3911
1442
7395
4231
4434
6183
1394
3888
3481
7944
2486
1835
2077
2448
8763
9141
4725
245
4340
844
1505
8616
1245
1585
158
2012
4137
9416
3596
6177
782
5497
7414
987
4963
3053
2798
1017
8760
3722
2461
815
7994
3203
1194
4011
8030
990
7994
1460
7117
890
3771
3881
953
18
7193
8694
5293
4007
1340
9078
3036
5281
5547
5695
8485
9413
62
7955
4232
1837
5941
2227
5474
3456
9019
8976
2480
9086
4690
9446
4386
7061
9768
5229
6544
1844
8735
806
9237
4014
4339
9993
7727
3620
6672
2106
2336
3576
610
2627
2535
9476
8836
6155
853
1059
6509
6522
855
8351
4109
83
8370
2498
6984
3396
6716
7236
3666
5798
4747
2044
199
668
1209
2079
4350
6604
115
3230
1884
1184
9634
2805
6861
5471
1320
7716
9294
7049
7445
2334
6474
2985
1632
7672
8724
1817
2057
1976
6460
5474
7047
412
3018
7802
96
8095
6923
6323
5003
6426
8026
7771
2158
7410
4233
5978
3818
4429
9446
2769
9638
831
8766
8657
3687
9574
4003
339
717
8206
1131
6269
2545
3453
1404
9894
5064
8857
9594
2554
2626
7020
6021
4495
9323
5300
3879
2943
6027
69
9742
803
7970
17
3055
8155
113
3406
9939
1448
6586
7677
7694
2039
6067
2336
8996
6587
7145
7681
9008
6657
6416
2604
4342
3898
7358
4410
141
129
9853
2433
434
8777
8671
5070
7329
5244
4162
6767
6644
8984
9962
7509
1118
9339
593
2379
7479
514
6530
2890
331
8464
5475
4957
4089
3927
6426
603
3979
1330
7412
1814
8518
2918
8717
5300
8827
1053
874
6345
4618
9368
729
8434
2782
5209
9498
2865
2098
1645
3866
9188
6827
7194
4930
2975
2634
5404
51
2171
677
4402
9518
7064
9498
8649
3377
1774
9862
1238
3682
7105
4640
5317
4031
5553
4426
7457
1282
9355
9685
4131
4056
1536
1944
4854
8803
8114
9764
1997
7037
6838
49
7800
6670
4156
1657
3686
6262
7446
6160
5637
3532
3980
164
2067
8441
1587
4613
7439
6812
8502
9166
5650
2557
1536
3892
2152
5362
2331
6319
2693
5899
1259
9144
9606
2534
7252
2822
3633
1873
9779
7683
429
485
6061
2205
6097
6643
2629
7679
5348
9053
5368
4586
9254
4178
6297
2720
6903
4993
8522
5342
6764
1780
3027
7448
9066
9934
2266
9635
74
653
5877
1964
2793
7839
3282
6740
6342
8597
6396
5189
7993
5308
3235
624
7714
4380
9822
9900
4938
554
3459
5715
1241
5878
5171
4595
623
9339
2927
9316
1177
6533
109
9932
8066
8728
5616
4595
7922
7220
2979
9894
9082
1956
5920
609
364
3076
6879
403
3515
238
3235
8304
886
7369
3159
566
447
9843
9346
3933
4782
6979
4237
4249
9399
5244
4758
3837
8357
6554
8099
2183
2008
1681
2594
7041
2450
926
9380
7286
7219
2936
1198
4604
659
7833
4400
8397
5473
2657
9079
7172
4000
5546
42
132
9917
43
8320
4671
6289
2446
8855
9041
5129
3218
5089
4606
6973
8140
5259
8763
6380
6098
8393
7877
690
8175
247
9384
4931
7095
692
3598
5309
6924
4453
8691
7380
458
6515
6830
2706
5715
1977
5502
9554
3580
7720
5694
9035
5775
9845
7792
7974
6091
6503
6797
3752
8049
497
790
4379
9057
9824
431
9148
4486
7172
2752
1335
5108
1354
9466
4658
7833
4580
8605
9426
2801
9593
8418
2687
9532
9744
4153
9037
1064
3284
1595
5228
7785
395
6044
2238
2020
7753
1805
3014
338
801
5192
2780
3012
8326
3545
1479
9090
7414
3849
4702
1169
9425
7129
272
6060
9212
9027
2566
6310
508
2696
5585
2807
133
7453
8823
517
2462
5544
7057
7869
3471
9767
6317
5200
595
6740
3511
9279
616
4149
6439
8966
2853
5437
4272
1748
9034
2078
5936
2124
4403
1865
5343
564
6857
1403
7881
6134
2199
2423
2179
6795
3965
4442
4817
8822
5686
819
3319
859
1963
1289
4578
8697
2254
1725
1652
4030
7902
1031
1799
4166
8589
5852
2546
9947
9162
6066
616
5985
1545
7937
622
715
9350
7224
6569
3764
4676
1546
9418
4637
7622
9879
8225
9835
9055
7168
710
5180
6288
3753
1501
6321
9521
2528
2732
3220
4101
1602
2230
3707
9978
6571
9071
7154
5100
4485
4949
1753
3881
1064
2489
7935
5405
3807
8434
6052
8549
6253
418
8611
2825
2834
983
6064
4426
9534
1405
436
6682
2869
953
2942
2936
8568
4249
115
7725
1802
568
7975
9050
2795
4101
5271
519
5201
3493
4956
7210
9793
2270
7679
3181
2665
9192
2317
1744
5420
9004
6367
1872
4624
9575
3324
5382
9190
1008
5127
9897
7278
5937
5179
2047
8828
7932
1525
3815
5874
6704
329
2509
445
4626
6972
1438
9021
8992
5813
4065
3288
8378
9923
9100
9230
9482
8966
7871
494
2928
6791
8078
7377
2622
297
51
9814
3491
7622
2548
1288
6669
6861
5222
730
9561
6118
3970
1139
568
1956
3572
6935
4750
6083
9256
6860
7187
9446
5109
5595
5414
8835
2643
5253
905
3546
7233
7358
2335
8695
3621
7006
71
7389
4254
3550
2208
6081
5814
6297
7336
6184
9979
9498
8192
308
4194
8203
3364
3292
7022
5433
1288
6658
515
1581
1938
48
8958
8911
6794
4770
9341
7643
6958
2632
3945
5201
2603
7956
9555
6897
4349
1828
969
4591
8596
5477
8736
9668
4381
3973
2322
8045
8888
2377
284
7885
2405
3935
8464
5164
1189
3930
5669
8330
8527
3426
3890
899
35
4273
6697
44
9212
474
5135
9953
3144
1300
5173
1091
6333
8378
4564
326
2663
2384
9838
2369
1678
4964
6058
9938
5554
7997
2974
8658
7405
5463
1249
2789
9885
2794
1543
9624
5479
4826
7419
3588
6276
6250
263
5939
1578
7808
718
2303
6266
7387
6489
8247
1477
7625
803
2580
1856
698
9283
9144
435
6524
5565
470
2979
2812
7571
887
8574
4067
7053
2406
2165
1982
4741
4013
7764
1462
2229
3898
8154
4961
9599
4575
8026
2757
4706
2853
2715
8347
6036
178
3958
6220
6079
4004
7428
3948
6310
7526
4189
1717
7994
3371
9685
257
5313
6657
9369
2419
8584
4198
9680
4599
5709
9578
6714
1655
9412
8328
2627
3012
6332
3482
1596
8224
1540
9445
2976
7451
8719
1257
9195
5999
1868
7137
9882
2371
9162
4460
1729
6130
3376
3222
5691
5258
6165
6482
9250
2683
5390
4279
1682
8192
5688
6065
4533
5008
2524
6845
7846
0
9063
3898
5055
2696
3410
4196
5947
1071
950
7463
7576
1401
2865
6188
7623
5409
7244
1843
3324
385
3620
6076
1786
6992
5287
6675
4304
5083
6244
779
8086
9997
1288
1951
3726
517
8397
3517
5683
4985
2318
7863
6065
3878
7049
281
9096
5588
2782
6379
4762
7098
9791
4073
5384
2792
7729
4758
8073
2730
3870
3359
9414
6370
7901
3681
6070
8954
4095
3689
6478
5542
3891
5217
4315
2037
3222
3922
4011
3440
9302
8298
2189
7061
979
1007
6674
2428
5287
1911
6416
240
340
9756
1562
9870
1347
8696
2762
8645
2194
6567
2775
6400
9775
4150
1434
5668
2043
8533
7144
1272
3638
9127
4183
3028
4848
1884
5338
1859
655
5837
3610
2649
6673
6210
5124
6872
7882
28
7697
4237
4250
3410
6043
5364
4566
4558
5059
6864
6098
2805
7244
6099
3065
2047
8935
5377
1330
6377
2750
4344
202
6802
410
4975
4788
557
903
5671
3955
8712
3901
9745
9621
3526
7249
8817
2845
4314
386
3501
964
9469
2628
2196
7922
2719
6405
3724
6820
3716
710
1117
9722
6587
9334
1953
4813
5237
1752
5282
5080
866
1936
6414
5911
5415
1826
8636
1183
4473
1701
5232
8776
4557
9274
6145
6745
2613
2985
1035
864
80
2653
4558
2691
9944
2448
274
4905
2819
6925
6739
7219
7273
810
3080
1904
410
7145
1621
2644
6974
6419
1968
4290
9178
1420
4381
3889
4842
8652
232
5347
8491
7379
3869
1011
8555
1647
3318
3560
4015
8918
6894
653
5458
1386
9032
3009
8819
2486
1420
3787
4852
1613
4869
3447
3777
4660
3248
9656
2491
6629
3310
6185
1207
5267
3246
8270
7481
1440
8392
4430
8199
2818
4716
6361
4271
2286
9374
9197
8572
1509
2948
4164
4934
3047
9824
4439
4910
1534
1539
2923
9444
5544
2948
7514
4612
6998
2554
5489
4121
4232
6467
3637
6423
8149
90
4899
965
8306
2883
5439
6358
7223
9313
8326
3054
6713
3443
1270
4505
9634
5553
6268
3718
4084
6615
8375
6613
4778
502
9373
9665
8106
4412
9586
6936
3214
5112
7775
777
1319
2377
4648
1272
9459
1241
324
1750
2858
1541
9826
1637
2188
6638
3597
3291
8159
3186
1912
6526
6056
315
3068
3052
7111
9734
5282
3201
1943
7895
1325
9009
3682
7568
3117
952
4840
9000
710
473
2524
123
6433
6788
1165
1243
272
4432
556
2055
7052
7477
9745
7906
9410
7421
4038
7811
3142
4413
3241
8861
3094
5605
4151
430
8457
231
9249
6820
6042
8290
6578
8875
8928
8618
2865
3466
5738
2533
3097
4739
2703
1285
4944
2556
6676
9070
5710
1629
2310
8517
2830
9545
707
2236
6283
3055
42
2267
2805
9821
879
9092
7241
7144
217
3235
6019
101
8647
5436
1302
8998
4436
5863
2156
80
6837
8908
761
4021
8473
7723
7595
3891
3251
1874
9346
8020
1941
2199
7327
3436
2292
9296
2132
2429
4346
5958
2380
8190
4489
9265
1540
5440
3679
5108
7012
8509
6310
6411
9922
2397
6175
6526
2433
2049
5150
878
1728
1244
8364
3278
6313
5334
6859
8054
788
1366
5060
5587
9823
5069
5715
6757
695
6636
9408
1288
6490
6256
9212
6081
8800
5990
3629
2224
9596
6679
2541
3570
6844
7351
1596
5517
7401
9843
170
9951
3709
3213
6869
1172
7938
921
4370
8091
8316
8727
2329
9945
7636
2795
3106
6393
3167
5583
34
7934
536
1747
2154
9316
1547
7530
2441
6831
7349
4875
8828
218
3884
5839
8616
1277
6127
3819
7210
4215
1283
5541
1577
7278
8785
1834
7261
1257
6738
5750
5390
8110
253
3821
2685
2108
7031
9899
3158
6678
9500
1352
4952
2433
825
4209
9534
5750
4199
7278
3342
2683
960
5202
3897
40
3280
6986
3396
3970
1457
9592
2810
6561
4139
5877
8675
2641
2244
2365
2903
2204
3753
5124
3178
8727
7104
1368
7820
9990
5466
305
4337
5978
2855
9238
5340
7932
5696
9947
8940
3673
280
5972
3335
6969
7326
3589
6888
2896
9795
7982
5668
6887
9037
1400
162
2488
7381
1932
1690
1715
2340
9946
6869
2348
8779
4197
5447
8493
557
1167
2775
4303
2457
9254
3250
5903
6528
4136
5187
3218
4360
2818
718
1675
8278
1664
6579
3567
9942
8069
2950
228
4424
6334
7834
9131
1501
5758
3944
4491
3559
3025
3496
6051
1317
1535
3898
8344
4389
7496
3910
1898
3593
6314
5533
8632
5872
3107
1630
5983
729
7992
3058
8188
9115
241
1981
8589
1912
5337
9925
3820
5290
5500
159
9316
4548
7385
3994
5694
6330
244
9747
7249
1533
4144
1248
7078
7655
544
39
8129
9874
6937
1690
5874
4694
3124
2037
6235
8676
9205
3549
1890
7452
4352
5532
1160
6985
1082
4438
6300
9892
1856
2120
2192
4511
3576
590
2236
3373
843
1557
5475
734
657
7800
7953
5923
9675
1336
1665
395
96
222
6519
1580
1786
1851
4264
5889
6350
5633
8468
6583
3503
2054
1333
9563
1338
8319
6369
1655
9845
2966
5775
1421
1405
3191
2750
2142
2869
8942
1888
262
1319
7291
5328
261
9635
9068
8380
8733
8591
7295
5983
6223
9351
3562
540
5330
3972
4165
2426
7481
1789
2576
6770
8838
6419
8574
4013
7865
1514
7282
7156
3221
3368
3234
5631
861
5027
5604
4290
3481
9626
772
6124
3792
363
7513
9031
5474
703
8275
186
2153
1237
7233
6397
5209
8911
2135
5183
5872
299
2266
9293
5628
3037
9345
6829
1739
8563
1602
260
1378
4929
3856
184
8772
591
8018
3944
4583
8795
9141
4896
5767
7497
1817
5488
7117
1550
599
6159
2809
2343
5919
2526
7405
5025
3928
5303
971
4988
4679
992
2228
3364
8095
6486
6996
5981
1300
7427
6577
1414
4048
8417
2186
1547
1242
2981
7034
2453
2796
2567
7282
4243
1509
6815
6699
6055
8985
1804
7570
6368
8176
9085
2176
9420
8614
5901
4991
5672
7072
6210
5622
7988
2013
2865
6504
5457
4965
3621
7352
3668
5722
7528
453
3626
1166
3683
7042
1480
9405
1349
5206
7762
1912
8984
3999
7950
6424
9866
6828
5790
2418
3691
9531
7073
9219
6755
5023
4317
3980
8169
6923
2161
3105
5925
9134
9195
6019
4546
7010
4394
4651
5611
8430
5393
5436
3438
9878
1404
3238
902
3461
5749
8166
4513
5678
1708
6959
3642
7720
656
327
6103
84
3302
6472
1169
1386
3275
8817
1544
2377
7247
2955
7814
1390
7329
3775
2456
6692
9570
8785
5629
4579
7052
7768
1644
9405
7281
2074
3266
3220
1369
9088
824
8197
6851
8709
4470
4611
6870
9055
869
777
5956
8005
123
9054
6649
5693
4760
3794
1804
626
287
2949
4588
8672
5958
4927
1887
9895
5191
6265
7141
2893
7364
3679
5448
130
6602
6151
7203
607
8596
8860
6511
8131
3537
931
7121
4438
1742
3297
1772
6467
8751
1260
429
6205
8314
8744
9192
9678
4950
7687
4368
8920
2588
6534
5594
7037
2170
6382
7773
1846
9015
1952
4092
8000
284
7291
1378
992
3915
2857
4683
8974
3051
1473
133
9945
4140
5547
3794
2545
2687
6875
9584
8398
7900
3391
1139
2788
6383
4310
896
8275
5459
6213
4681
2801
8711
7888
1586
9830
9876
956
7027
3087
6385
6663
1541
2603
506
6628
9082
1925
4301
6748
6383
8607
4448
9032
9272
1360
4312
5665
2758
7654
3633
3291
9166
4939
677
3176
2621
7166
7751
4685
8810
5836
8644
5367
6072
1393
5711
786
7599
6494
5087
1229
4842
7384
830
427
9001
3413
2666
3500
966
7625
7448
7489
9960
3218
1448
8033
7743
1708
9160
27
8293
8653
4422
8427
2529
1916
1358
7736
3906
5612
5876
5207
3447
119
3297
3268
2147
4854
4057
1286
4592
5840
7347
5414
109
4537
2085
7982
6772
7906
5663
4643
9223
2188
3539
8339
3391
4534
6939
4019
9937
7261
1683
7017
3518
9263
8461
1003
6821
7906
3766
8504
6724
2589
1137
8141
4904
8077
4341
7910
6756
1709
7723
3149
576
3623
4055
1096
3619
3245
6910
1407
2867
8491
2848
3405
6128
6326
8497
6366
3419
4665
9012
8746
9515
5924
7320
5867
5991
1987
8051
3291
5150
8816
6155
4905
8789
6488
7789
536
1946
7063
274
7816
5466
8353
8675
7001
1529
6381
8850
5413
3104
3170
719
307
1732
9289
919
5075
7984
2581
1025
3903
5486
5424
6086
4298
2495
2972
8338
5185
4683
3894
2661
707
8970
3340
3577
6288
1080
5065
8440
4054
8792
5966
7786
9282
8805
1646
1816
8186
7577
6019
1443
52
5551
1484
3405
3519
9767
8741
1592
7606
2016
6912
906
3002
8434
5331
5722
8075
1664
8079
2367
7087
8640
1168
3848
5161
5374
102
5572
5721
5152
2503
2742
1293
8059
6450
3722
7856
7843
250
8754
6242
6804
3437
132
1485
595
2022
8170
2466
2616
3196
7115
9730
2032
6026
6554
8927
340
5034
6765
959
8894
2963
1016
7646
3822
7536
3822
3466
5372
4560
1854
9762
5876
6312
3330
7718
4236
9874
2517
332
5146
4756
8258
1657
8065
2989
9323
3647
4413
7719
4817
7092
1399
8247
4901
3324
7427
462
5621
7670
7146
1649
1772
3909
3833
7779
3434
1441
3048
9546
5039
3278
4263
671
665
3526
6534
8268
5621
7575
161
459
2323
6887
8789
812
7974
2947
5412
2707
2616
1725
1338
9230
8750
842
9348
5856
7909
6486
985
3839
5336
6121
3199
1929
1206
6017
1422
2905
5724
9739
4557
9208
5884
4844
2320
8913
3641
265
6933
9266
8849
6116
9234
62
5413
985
3959
3218
5823
9184
133
8132
7471
1852
330
4591
3953
1363
6882
6333
5984
8044
4032
8702
9434
1851
2496
3288
2534
9382
6943
896
354
8333
7476
1768
2286
7372
3373
8565
7436
9271
1065
3324
3613
9114
8604
4300
7892
7385
5726
2442
603
9863
2018
81
74
2345
5677
6355
2397
8472
1867
4871
9116
3160
2795
9146
5810
2490
1264
509
6269
3298
5709
1272
184
2168
7465
3274
7122
4023
412
8143
5894
5136
9005
1018
6396
3969
3195
3897
485
6001
7771
8233
9525
5452
9244
8988
8864
7629
5570
3943
3695
541
2702
2731
6495
3367
7270
9816
3562
2370
6526
4433
7050
1964
5079
8349
9320
9730
2960
9251
8455
9450
1038
3543
7332
5424
7941
7388
3775
4725
7293
8925
6013
1405
5256
7793
5894
8123
6222
311
2159
6206
8773
9961
7416
4703
4981
3195
5419
2660
3576
9998
9756
6532
1543
7138
1103
6427
9302
9563
7844
706
1797
2048
4028
8334
1518
8828
9406
2382
9788
3731
8588
6029
9464
7089
251
4564
5651
8592
2751
2970
950
7156
9523
8916
8326
9874
6175
5242
7774
2163
1356
4337
2608
322
5133
9222
7434
5921
1875
2590
2623
8634
9460
5592
9495
458
2997
2706
6276
9617
9191
7710
7403
6863
6972
8445
7766
388
1110
4851
9077
8086
8104
5569
7714
7548
7890
3316
2103
4814
609
8169
2997
2670
5027
932
1843
8055
4051
5830
842
6015
3255
2929
3282
4572
289
5861
4254
841
6650
9729
9939
3797
8402
7380
8360
3197
9107
9630
5648
7342
6522
6484
9717
4577
4386
1906
7544
4772
2025
4278
3178
7327
7438
8330
1073
1739
4023
2019
3367
5177
7175
3625
330
9134
4604
125
349
3786
3419
7847
9569
4376
7773
313
1550
8690
3187
6224
4186
8475
7520
2629
4512
516
4038
4431
2008
5009
8981
1615
7544
9869
4654
9841
8199
9632
9125
8378
7842
6755
5371
1733
9609
1261
5914
7821
9147
1937
3833
5980
6890
8569
7391
2791
3512
93
3489
2221
5181
7912
4620
9400
4256
7177
5102
4023
6711
1330
4951
280
9656
6844
3994
5041
1116
5757
4529
5028
9469
3344
8190
6689
1799
7058
1513
9598
8842
745
5190
5321
9156
5045
3938
8906
6683
894
7536
9437
3985
8089
8664
9386
8060
4970
9887
9922
6900
8474
377
782
2709
6036
2788
8816
2065
2112
2053
8910
4205
2463
836
4637
6081
8767
865
3663
6887
4603
5428
4756
5327
1405
5957
9006
79
9602
4798
7830
7597
5816
7036
4227
1715
1741
6531
1811
6334
4133
5232
8203
5895
8168
247
5525
8298
8389
161
924
1484
2425
661
4341
7969
2726
9648
9056
1289
644
3703
2935
4532
5419
1044
4777
3916
7789
896
644
9732
4317
5598
9666
2845
3836
9699
7444
7452
1856
9805
7880
9821
2275
9986
1028
8303
8262
203
5399
2117
5805
9384
8026
5076
4090
543
4583
5745
6613
2644
4836
7353
5719
2789
5799
9175
1128
2753
6116
6107
9946
5887
384
4647
1609
3973
1407
1620
6304
8752
1695
6640
9478
9514
2922
512
8247
6421
3506
9562
7758
9021
9992
241
6818
804
7508
9243
2516
3586
8186
1855
2952
2
4174
5290
5680
8470
3607
4343
7037
2605
3745
3883
4119
6232
5382
6393
6858
5953
6588
3079
2373
5464
1836
3885
7581
9770
4698
5193
8910
2822
8376
3926
9877
9142
8588
3326
8288
8556
7579
8767
4851
3269
6333
1618
4123
8227
4509
5405
6882
8946
4021
1282
222
5807
2743
9195
8029
205
9373
7001
9783
5858
9147
2300
120
8090
2791
759
5034
4996
7880
294
3161
6971
2579
2666
2201
5316
6659
2726
1204
6380
3619
857
9180
4985
771
5995
9299
9794
1228
5028
5801
3700
2855
9322
7665
4310
4488
688
9068
3198
8955
7167
1719
7667
5780
3691
8255
5524
3854
3893
9081
1554
5789
7114
7236
4242
1198
9009
7209
2650
5746
5067
3948
6288
6412
3807
7773
5342
1154
487
9346
4664
2920
2709
6426
2567
3753
6499
757
4664
4684
5154
9076
3721
999
3407
6999
8831
551
6345
8324
1082
4796
5891
5154
8330
8439
7657
6171
8693
3747
7475
1376
951
9847
59
1651
150
5690
1844
626
8420
7718
6341
4500
4239
9755
3064
2694
8222
3142
480
8519
9866
9723
9304
4420
7628
8931
4967
740
4229
2933
7092
478
120
547
9407
5042
680
1493
5716
7604
6922
7412
6219
1352
5209
5062
3805
9667
8809
99
1752
4045
3010
6950
2686
3449
5912
1408
3643
5704
9072
7803
3570
7527
5697
1849
7733
4843
9226
3627
8149
9134
1831
2519
358
8756
617
7404
4669
6389
9112
901
4340
5092
3023
6070
4048
5768
2167
7581
9508
8322
4985
7100
3110
7211
8122
4391
1040
9706
1177
1463
4516
1736
5915
6994
1487
1901
9980
2210
5437
8954
7480
7412
4756
1852
2681
444
9573
4359
8467
4501
2912
8076
8272
2931
9555
8782
8708
2894
9092
1006
264
8123
9325
4884
5133
3404
2359
7485
4485
9825
8556
8082
2305
411
2826
3087
9296
292
3672
1783
8299
4227
7852
8362
2166
6997
2561
9305
6097
8953
2651
7657
9071
9828
2525
7383
3211
8834
1113
1647
5636
7981
3562
8623
4716
8627
5180
7193
1481
8296
1530
2808
7398
5977
3573
674
1724
9306
8276
9414
5210
6316
3210
3426
2060
7743
8299
6247
8725
3300
9131
413
6390
6770
4006
1558
3791
274
1238
5760
8423
7690
4152
9537
7078
788
8685
1301
1218
9398
2510
1561
8709
8670
5236
6746
1082
2320
6363
8075
4682
654
1404
2629
4805
6109
6876
8498
4262
7080
1693
9642
1645
2857
5917
9035
56
8677
7774
511
4027
65
6408
770
945
9920
900
3032
3399
147
5769
2927
595
1989
9390
5409
183
5719
4519
8691
6717
825
9503
7520
9276
2426
4622
3454
8787
8296
512
4244
5033
3569
4628
7887
4418
6976
7314
9494
2199
3293
1199
705
7068
1555
6378
2066
1708
7588
9071
8520
305
2371
3372
6961
2817
4867
4036
2660
6296
9091
3270
8299
5510
368
6012
5333
8730
5036
6271
2452
9616
1152
1768
23
2875
5160
5347
2556
9592
945
9373
3508
7945
3194
3739
7993
6413
6585
8943
9363
9500
5960
3226
5023
518
331
6759
5355
2043
5365
6479
7154
2244
4791
2320
9591
4538
1082
9328
6416
8715
9731
401
2815
4028
9422
1264
9160
8616
2520
2696
6741
5046
6413
4980
2504
8796
6463
6101
782
5027
5585
8296
82
9159
3794
7227
2087
8411
3477
4269
8206
4773
2570
5188
6248
4623
8365
7815
6089
6652
9238
7262
8567
7638
228
9664
6257
5152
1125
4477
8270
7325
2452
970
3776
2433
5610
6688
537
5256
8285
4389
5444
2913
5237
9244
3754
180
7548
9951
2559
3193
528
5775
1839
867
1611
6553
3414
5362
4750
4203
4060
6500
7143
2372
4142
153
7394
5532
7192
7323
1640
44
9049
8881
5633
7488
7428
739
6244
4914
4058
5621
5502
7578
1903
540
3851
7176
9415
3553
7071
2651
2226
9492
3037
1232
270
1939
358
4509
4900
7936
780
8091
6278
2665
1250
3662
6013
3632
9509
9110
3854
7799
9183
5780
82
514
6484
1928
7196
2104
837
7920
5430
6576
6001
1880
6744
6960
6614
4095
991
3566
7450
4741
6170
4632
9150
2265
1904
3689
4716
9098
1555
4333
5607
7300
3804
1021
4944
9181
8880
4036
8034
7009
8173
7815
7169
1477
8464
4455
8521
789
3646
8414
3814
930
7479
4175
8425
2967
643
5945
583
5076
4177
7346
3416
5415
9225
9501
2728
6898
9964
7900
8608
6494
2545
2014
8228
9753
7952
6746
528
5910
781
1493
865
173
9117
858
5177
7540
2932
839
8711
6867
9705
5739
3954
4812
6362
3933
6049
6737
6012
5179
1684
5699
6480
8178
9203
1245
5173
4757
3522
6900
1418
6204
9327
8929
3095
8050
9985
9279
9124
1928
7618
2405
3160
6966
1864
9136
6715
8663
996
672
1839
169
9286
2370
4504
9462
8736
33
9845
6036
1675
1118
9566
2419
3070
9460
9959
9078
7875
4926
6233
6085
9268
8723
5162
1295
8181
1036
3394
2733
3195
97
3207
2384
2559
850
991
9634
6870
6973
6256
5265
1787
2142
596
1060
5013
5196
6731
5861
791
9093
7432
6206
8105
5437
2996
8579
5931
4719
3749
716
9963
7439
1009
1437
490
2754
5915
2022
337
9437
577
7284
5130
8568
118
1182
5536
8591
7349
58
2566
1189
4056
6417
2590
734
4174
7523
8223
994
4496
6040
4967
272
7962
4441
1128
138
3097
973
334
3549
679
2605
1802
5306
5359
9546
3384
1490
5606
6707
6396
4841
102
9776
9231
9857
2502
7452
8849
4823
9343
6823
5386
7927
7796
5896
5305
1179
963
5810
2812
8919
8445
5432
7562
7382
9040
2706
9081
7987
589
370
4804
9816
9235
8481
9116
6093
6643
2576
5376
5369
9116
4201
1562
600
6940
87
2855
8345
5791
7281
1257
5882
4583
4175
3183
6236
5750
1588
832
9785
4620
3775
2116
6449
4288
6573
6948
4258
1182
8761
4743
8547
4389
3155
9167
969
8716
5972
1337
9068
7466
6521
1970
5232
5945
4471
6295
8517
828
8565
2936
4063
3692
8959
9430
2567
9260
5143
2577
6684
190
2795
1358
2069
608
5849
3854
8300
26
4574
7256
8923
7733
6503
1858
459
5339
4702
5732
7389
1736
7044
6691
3829
413
908
2087
2909
3827
34
5034
1706
3289
4156
7692
2998
5720
7453
8418
5064
542
8880
9781
7295
943
5993
8709
2488
3842
4008
8377
6324
1936
3542
3805
791
9441
3703
9639
1051
333
2050
9062
4644
4215
9278
7374
7791
299
4474
2456
6041
4395
6226
6968
5558
7313
6007
3981
6910
5616
2811
8505
5403
7270
2266
2301
709
5428
9162
8327
3831
3301
9656
4152
1297
1887
8322
791
4852
173
5590
4521
9938
4365
3195
4480
7746
8671
8764
8082
3725
5224
5825
9634
115
4835
2195
4928
1262
3456
7978
6041
8275
1431
4191
6076
3922
3963
4439
3177
9579
1550
4975
6784
3499
8572
3005
6809
3730
6714
9144
8155
9572
7440
7582
8867
2655
4359
6659
68
2410
1977
3369
9802
1015
2101
7564
919
9726
2915
5542
5214
1914
8649
8135
2190
8112
9662
5406
992
4886
3753
8640
8359
2469
9570
442
3740
5723
2079
5418
5145
9250
8254
7215
5724
218
8372
2465
1610
1847
4583
8571
6127
6391
3820
232
4117
8925
6497
9070
2839
2276
5973
1815
2654
9047
6260
5115
1564
8824
7118
9244
2530
7383
6299
8704
1489
6
8487
5068
6961
2844
9248
6260
9278
4685
177
6917
8536
6457
8349
6485
5647
7317
9177
5254
85
4291
6814
3679
1275
7065
363
7002
7955
771
7312
5470
1315
7385
7875
237
3196
684
5192
6407
262
660
6724
7661
8664
705
1584
1345
1424
4955
7043
9026
2563
3770
5007
5093
7777
2455
5840
5225
1417
2103
2624
7242
3432
1662
3652
9229
7983
7224
4762
3640
7503
7920
5979
1582
2127
7760
8853
8447
4612
9342
1877
631
5149
8377
1401
3221
8789
7705
4591
200
584
5650
9130
1981
45
6374
1623
9904
6972
9203
2938
3685
5352
9855
4103
5780
618
8919
785
6077
8300
2007
7859
1459
8839
1566
8158
7343
4190
2522
1053
2545
6711
2634
7236
4525
9812
3711
5784
9422
2825
1723
8392
134
9677
2192
3528
6162
2053
2291
170
911
2954
2530
6801
5746
5844
9085
6355
5179
7865
2415
1934
4290
3041
9080
1293
7732
2809
1439
325
9457
6748
4238
7060
3712
5966
8044
8080
774
5229
6911
8654
5400
7631
1717
6396
2028
7374
1216
5799
8400
2050
9987
7587
8456
5716
6188
2537
6121
8006
2321
4130
3895
2528
9041
8199
4042
9917
5458
612
5632
6986
9355
5925
7667
3703
7273
970
7095
3925
7510
7341
651
4179
8740
5894
1134
7186
3186
4532
2017
3231
6048
7779
9044
3063
2249
2956
3919
535
7461
3125
3051
1859
2845
1407
3897
1076
1978
4735
2447
8056
4021
7688
8066
6230
9368
8634
6072
2114
2694
1106
4189
7648
3656
3055
6336
9397
7290
5429
6071
5729
4615
9398
2476
4244
8866
8442
3232
6913
4355
7540
3248
9679
3046
6723
2286
6568
8559
368
1744
5789
8587
6791
8999
6724
4451
4937
7532
2252
888
6238
2432
409
61
116
3810
3047
1271
986
5162
6850
1852
3123
9785
3835
5359
7314
5978
4293
295
9810
941
5029
6354
9764
4038
9697
5439
6109
2430
6062
1550
8579
5905
7078
7069
495
3249
8852
2900
2797
9418
8724
6510
9864
1417
983
4949
7633
849
6084
9647
3708
2842
1593
5960
7285
4276
9554
3239
3960
9067
5505
555
6800
4632
8928
9087
407
1603
3572
4685
9123
8365
8786
3136
4037
3036
9780
6253
5965
8167
5550
9078
3219
7601
8090
7207
3636
696
5493
8518
86
6427
4539
5436
7457
8760
5441
2291
7012
5138
2609
7265
890
1894
426
9984
5559
4018
2367
3897
10000
