3457
1084
7662
5749
4454
6274
8832
8161
3880
6017
7379
1176
9231
7923
5733
2688
4654
899
9786
6919
2927
1632
4272
5787
1951
867
7495
1850
4598
1358
3578
3872
6981
3427
2991
2803
1680
5955
5010
5481
9277
333
8988
5747
3670
2399
4824
7794
4066
2716
6867
4598
9294
8689
9642
5012
8145
2940
8238
6763
2812
1158
989
8969
1166
9169
7154
7033
7640
3407
7702
4828
1753
1108
3036
3911
7950
6607
7493
7197
373
7912
6821
4986
1397
3377
1455
4534
3345
1726
5402
457
8655
9978
7808
2184
4941
2835
1871
6392
7923
4045
3661
6898
6957
4903
1627
1849
5055
7579
6092
8196
7697
1285
6874
6439
2487
7434
6326
4406
4760
5867
4549
7437
2621
8021
3301
3756
8564
4437
5228
8057
3838
3452
5421
3348
6006
5042
3043
972
9787
8863
1769
1377
6182
8319
9143
3692
5137
3123
6583
448
2574
1279
3753
4905
3433
7672
3274
2335
8628
504
4353
3369
5238
8718
6786
7035
6121
3258
35
3471
7214
2490
5573
1481
8247
7465
4555
4047
5314
5817
6996
5744
1830
4049
3139
9562
7741
6720
2420
7095
5572
7600
574
5261
5845
2272
800
4766
3763
3844
613
384
3617
3431
2055
772
7353
4911
9257
6051
8949
9090
4006
4633
6814
5842
6928
6915
2319
4063
9175
2357
3691
8355
7089
8188
1069
8228
231
2539
267
308
1341
2141
9937
6564
5375
4909
9259
1859
3540
679
1011
2303
7452
9206
7945
1793
7973
3087
8762
7924
3073
4709
3645
9991
9133
565
8331
1216
546
3286
9976
4517
3124
1631
7724
6137
7903
1310
5780
4304
3248
5012
7079
691
4800
8299
1150
914
4804
9117
684
6565
4596
2620
7472
5342
6640
9689
9887
7725
5394
7119
879
8350
9500
9749
7581
7728
1324
27
1050
5305
3697
8427
7416
7955
7871
8987
9760
8991
1164
7775
3417
1498
7531
8563
6093
6384
9412
9180
8149
9937
4577
4075
7740
7850
7431
3463
114
2713
239
7110
281
9760
6091
1269
3538
1343
2074
578
8884
3986
8058
2862
6204
3200
3823
3636
9325
261
4784
8908
3505
2067
4537
9357
7738
9874
597
6360
9380
5221
8273
482
1021
1687
6440
6037
7289
9246
8127
1109
2303
3936
8288
1019
6899
9322
925
4676
8389
7804
7792
7424
4646
9200
1330
1083
8600
1239
5182
1711
8830
1605
6673
8300
6918
3993
6970
1070
2410
1280
6290
6335
1848
7354
3493
6034
9164
5407
1656
3882
920
4566
3835
6894
1386
8631
6103
523
9234
380
8168
8023
9762
2400
5417
9834
3974
751
45
6718
8615
874
3095
1232
9290
6131
3695
5649
2167
8099
6551
931
8479
4337
3845
529
9981
3698
3076
4851
2867
1492
8126
7100
2261
6788
6814
8826
9308
1981
4582
4035
8163
364
570
3980
719
932
9337
864
2777
858
8720
7602
6560
5180
1951
2517
957
126
20
2383
2677
1187
8506
4592
8655
9560
1608
9368
2418
915
4963
5954
4927
8572
7972
2469
3435
9103
5824
7749
263
2171
1192
4890
7102
7947
5644
455
9428
4862
1233
325
9930
7643
3428
3060
9455
578
7581
4265
8934
3783
2456
968
5968
900
6011
3282
5329
5065
565
1743
3492
6267
6779
2629
3495
7309
8447
282
7923
7409
3022
5016
4613
2251
5976
7528
1807
6740
659
5907
6887
2081
9128
9317
5609
1919
3583
3197
6767
3217
2514
4468
624
6329
421
1607
8095
5283
5076
3707
1700
3673
1677
4670
8569
3769
8983
3540
434
6441
8514
9639
5459
7350
4262
1665
2004
450
6995
3178
4979
3338
4209
3031
1311
205
4047
8190
2231
7252
9110
8143
6579
2293
3955
4624
1133
4970
8328
7718
1090
6538
6667
9625
6250
8449
3274
282
6214
7158
1697
4870
938
8485
6315
1832
1392
8625
3922
1437
8712
497
3155
9141
9253
3480
55
5078
7265
1796
8724
818
6502
1812
7091
7225
7036
1334
9127
2729
3775
4639
6506
9591
8750
5395
4667
6873
96
5911
503
2723
6843
5216
1509
5316
120
359
9096
1345
8187
5003
2010
3286
4821
6927
9317
1857
8026
1329
6247
8036
8775
5
339
9830
7535
7383
9805
2559
9730
3189
795
7853
9929
8054
5332
5782
8600
2803
7098
6587
4516
4317
7939
3317
564
901
4036
4371
625
7905
6942
5385
421
9974
1438
3238
5817
9746
9020
1011
7886
4105
3200
1687
5290
8127
309
86
959
3774
7458
7066
1898
5079
7476
7407
8068
4061
9200
2914
8691
1954
315
5293
2118
8459
9100
9123
8399
7660
895
3868
2130
3035
4874
5256
6765
5544
6814
633
628
8156
3932
9886
9146
7401
8581
3415
7431
7510
8632
1305
2300
5563
3680
3290
3033
6653
7908
7445
5760
6581
2343
6595
7207
5801
1579
5379
9726
2441
2581
7626
1031
4099
6109
3236
8871
7810
4506
6116
2966
5091
3122
9896
3998
4292
6481
6104
2174
5620
4454
308
5930
5150
8151
5291
4731
2880
38
6786
8586
6496
7868
6489
904
6851
7393
9134
621
3406
4581
5259
4140
7845
4036
8948
7567
1946
6706
343
4959
1380
6573
5957
8880
584
3017
5996
5388
5119
2785
6738
6811
6961
3119
7806
2116
5102
5481
8675
6510
8505
7511
6122
9029
979
9418
4500
9282
7856
9800
3673
2291
2498
5067
5270
3403
6587
6097
6492
3628
1950
5522
2140
9426
3187
9138
9748
9993
9815
5339
9770
9359
3794
7161
2574
260
3325
2592
6731
1671
6649
88
8503
2125
173
7937
753
6505
3743
8041
619
4867
2098
6972
9166
8026
5646
9748
3008
6141
5572
4683
7392
3325
7980
852
2623
3461
9307
3266
839
9778
524
4684
8165
3547
825
7109
8035
5282
2419
536
5072
5183
6798
1231
5376
8291
9460
6960
8227
3766
4402
1958
6323
7043
1941
146
6481
8208
3399
1138
401
9915
4030
9912
5598
3342
1183
7666
9858
1310
8164
8347
8716
3511
5507
2623
4336
9986
424
8639
5933
5500
2129
6815
6394
9251
5374
4146
7115
1471
7092
1997
3249
931
1341
221
4524
5065
5871
9571
2579
7528
9614
3856
4386
6342
4115
3052
2735
9479
3533
8669
8969
3718
7203
3088
230
6933
5949
5277
3306
3562
8355
6326
9836
7965
6028
9597
3138
618
7500
1900
5154
7623
8885
4108
3197
4922
5659
1857
6
4747
4006
9620
7423
3365
2041
4278
3498
5953
957
7584
5205
6582
3598
407
4106
8710
3340
5484
280
4319
9253
9571
643
7916
4479
345
1352
4945
3539
8166
446
2887
811
7914
6061
7274
6863
1524
7644
4183
1461
7522
2392
5370
2134
9927
6861
2169
4974
5198
4127
9475
9971
2568
195
1743
6684
55
9445
8754
7224
5746
7831
125
2694
1490
4262
3994
6031
4088
5145
7145
8946
7242
4428
948
3146
6074
1634
9919
6352
4844
3366
7455
1748
7673
9546
6344
5470
1506
4269
37
472
362
2542
4327
6701
9972
8444
8107
6889
2331
7247
6144
4472
391
3915
6467
5145
4149
3055
9866
6399
730
879
9259
9
2694
8016
2247
896
789
3124
1024
2039
9625
1176
7
9202
7332
6999
3052
1094
3190
4213
8901
318
392
2052
5661
7933
4665
7721
2509
9816
3285
9926
9595
6108
3194
9996
5150
6004
1363
622
2184
8892
5348
8672
5838
9421
7058
7724
6447
8464
8159
8065
2688
4140
1246
6691
3785
7071
6949
7566
9698
1855
3473
2825
3449
2407
1718
8948
308
2224
6091
7996
4424
1924
8402
2926
4660
5459
9822
7753
7912
3306
3767
7828
9964
5618
814
2896
1069
836
5250
5729
5893
5595
1712
2133
5156
9869
9522
3900
9419
7272
1782
4903
3783
4163
6065
1913
5994
2818
3640
5988
9394
3262
4555
7277
6510
5604
6616
5996
8664
9688
7341
4925
1925
1718
9287
4329
9976
8148
802
8433
4
5551
6234
3732
8634
1490
1877
3304
1047
5428
6545
8030
7981
640
8555
5178
2062
7777
4113
7142
7086
8230
5620
8310
1257
786
2268
5995
8160
8168
9423
2182
7298
1051
7775
6414
9375
5848
7996
6585
225
9173
1748
3613
1233
6257
5272
8032
3448
2789
7507
1369
7167
9675
715
2855
8738
8010
7924
2499
1531
7221
8145
4828
8630
2752
7301
3724
634
957
49
7677
3139
7916
5307
6533
5000
5774
6156
5323
220
4919
3025
8145
3502
2801
7590
5213
1871
534
3642
9175
2547
6549
356
2593
311
2519
2819
7089
5958
525
4484
6057
1121
2022
6290
7081
3744
8536
7586
7257
2792
1223
4716
4434
394
1425
4144
88
4567
7203
8341
5003
5880
1433
4296
7229
7015
5508
6490
2897
5017
8961
8429
4373
2227
9386
9446
6975
3364
8909
6347
5010
3071
3180
2736
248
302
6354
2318
1103
3406
844
6387
8796
2485
3782
9788
7521
3667
3063
4166
9301
3299
4593
2041
568
8750
8960
363
6791
6515
116
7607
3472
7597
850
4143
6706
4790
9860
1699
4173
6397
3037
4011
7876
6174
7220
7465
3273
9827
8118
7433
5524
4303
5372
3358
2493
7232
6772
3145
5894
433
577
5397
6486
3172
9515
6188
6591
7971
2631
5618
3368
4240
1393
8226
9259
2686
4673
500
1808
6575
3097
8154
3673
4245
7091
5658
5033
969
4460
566
4871
7256
2748
5589
4601
4997
8839
2105
7406
2460
3242
9761
9290
4082
9330
8240
3335
1263
8458
8835
6958
5894
312
5506
3036
9248
4099
7310
9721
5023
289
6745
461
6844
4455
1376
5308
7310
4512
9399
6930
7812
117
3268
9935
5777
8345
9372
53
8718
2873
5908
560
2558
4868
5522
6896
5041
2509
4126
6859
3734
2683
2310
2989
2107
2737
1248
5787
6515
2402
645
1275
1481
5987
2336
4065
651
2792
9473
7595
6010
9280
7879
6450
8511
60
3137
1834
9159
5913
4215
138
725
6246
2059
6296
6822
179
9470
8155
6821
5205
6769
5442
2256
4860
6325
7079
2756
7157
7834
3567
7315
3698
5367
6958
9760
5275
6722
9537
5636
3596
5338
3755
1417
290
5134
170
5957
3753
9066
7202
8377
1599
2847
6381
6217
1476
6362
9380
2630
5835
6610
8675
1599
6886
7667
1900
5753
6390
5129
1104
2205
1248
4761
2036
8034
9859
7681
5279
8495
6154
7292
645
7901
7888
6393
8542
5175
3277
6440
7241
3562
5402
4731
2906
6691
6934
9490
74
1266
8677
7230
3854
9997
4177
1609
1548
7115
9255
8018
603
2753
9640
3615
1861
1824
2158
8150
1938
7626
4866
7026
6183
345
9390
4320
4215
5853
4352
181
3253
788
2197
3962
630
5733
3023
1716
5728
9526
8063
4301
3363
4206
2368
194
5143
1915
924
5380
2695
2194
4971
1164
6836
542
5570
9608
9699
6855
9655
5457
2681
5408
9707
2861
1607
6426
1967
4985
1992
2965
9678
4690
1457
5811
7232
4857
3433
3425
8283
7657
6115
3579
5907
3076
3309
8241
5715
8350
9287
3544
3451
1627
8065
2193
7056
5110
8601
6576
9448
5235
1362
6975
2326
16
8387
824
3203
6581
8575
5714
7561
5157
2228
1005
5541
9267
4064
318
7889
5743
1914
9918
9032
2328
9068
6081
6087
5077
1872
7867
1376
2559
581
454
2597
8944
693
8130
9165
3467
4055
5390
5467
9450
3850
9167
1751
2131
5282
5193
1209
840
4208
6702
7457
7749
9308
4260
36
2355
9432
1366
6842
8173
6733
1661
1461
5644
7886
58
251
3223
243
1944
8742
6788
7141
1678
9394
6049
6730
4094
3133
5467
1670
411
5147
6358
2848
3055
1434
6306
8851
2220
6331
1777
4363
732
2800
9952
4877
2708
6687
6139
2143
5882
3307
3901
4660
7017
9766
5997
134
4815
9226
5636
2353
4934
3963
9138
3190
7313
2508
3098
1566
6852
2439
1400
5096
4683
4434
37
6908
8769
5123
568
9632
9361
5918
6282
923
6975
2562
8648
47
7974
5439
5466
3048
5594
3805
6306
4774
2287
8080
5249
9687
2657
3080
5759
9754
4926
1641
7571
6989
2847
2475
901
207
9326
8312
8984
457
7602
346
5976
7217
5778
2885
3598
7964
5732
7690
6549
6966
8020
966
3668
5298
204
7206
9110
2977
7274
3185
5390
5822
9282
2262
8052
4228
3142
3861
9908
8360
2659
5507
1358
4457
3274
5112
2105
9908
5770
9347
8749
553
6232
9879
2196
2275
7929
3012
8603
345
4453
9845
7663
4240
2473
3443
2428
2661
6729
6721
5593
3356
9557
9728
8181
5014
2118
7883
7918
3969
4788
3302
6211
6744
9704
9829
4642
579
9334
8654
4135
7989
1112
5433
2558
8133
9699
1757
9415
7326
5198
3479
9508
3352
7812
5942
940
3438
6830
1446
6732
3697
4596
7464
3394
8655
4161
5023
4334
3075
2682
5462
704
4719
1330
328
7404
5883
6443
3557
7353
3636
5986
7310
2844
3493
9988
2800
8848
8952
3552
5311
9430
9788
6304
8216
5138
5307
2657
4263
6151
4831
3200
3650
3261
6638
8631
7493
6364
8294
4212
2153
8012
5846
4488
4622
7806
6723
5143
1634
1933
1318
1315
5529
994
1263
9397
8004
8393
8124
2465
8851
1067
4927
7769
531
4064
4263
8487
1006
595
1024
861
6646
9578
4794
2195
4209
3399
6834
4784
5917
9648
9212
5788
4462
1922
9149
3307
5419
6445
9920
4453
2986
3194
761
2127
1229
2534
2144
3336
7085
917
9517
3415
3268
2124
8146
7327
8901
3725
4033
1303
3228
1967
1088
5550
3062
2148
2666
1481
7792
5651
6398
4975
6666
9321
4858
562
1892
7604
981
82
7609
2977
6436
3390
9217
5593
3139
7969
9713
8770
2988
8934
9712
2998
8549
839
5645
7451
7901
7959
6275
4658
143
256
1087
953
4172
8113
5406
2577
2246
114
6149
4918
1590
4616
9000
273
1828
7705
2498
7697
3392
7195
7047
7078
2215
4817
7167
8377
8995
6443
3436
6142
7114
3271
6544
8859
1898
5265
9606
2476
5302
1809
6491
7543
4371
3561
3265
9781
8828
3751
7093
4636
3018
6836
1906
7379
95
7332
2999
1651
1823
1872
3341
1028
5643
3138
2832
104
1775
5145
7992
3901
7019
5547
3659
6979
8683
2151
144
6533
1559
7593
8976
6976
3273
8289
7916
7015
8453
1171
1201
4097
175
4489
4145
5222
7924
6996
2146
7596
4893
3224
2936
7379
3898
1216
7445
9848
373
3091
9087
9733
2989
8120
3410
6154
7258
2611
125
2640
5178
827
7302
9050
4440
6419
3178
8840
4010
4391
4482
2127
9003
9510
1402
2219
6685
8226
8431
929
7165
7693
7201
5843
6879
7260
2097
949
322
4934
1965
558
5655
3753
1569
5274
2784
738
4536
7937
8306
4165
5535
6909
317
3245
3154
3866
7494
8014
6515
3326
1090
6191
8092
1564
5528
8112
2327
3271
3121
412
4711
5320
1132
4124
8787
8380
4835
3047
9164
8733
8565
3836
7103
4622
7823
107
1470
3755
9425
9058
1938
1132
3417
570
3194
9318
14
5584
8629
6452
7173
2668
9449
830
9590
9099
534
4737
7862
5543
7450
4342
7378
1484
9984
6950
83
1902
6358
1663
8682
4388
8807
4599
2087
9881
5617
5221
2942
9525
6921
6038
2914
4742
1533
3951
9110
7578
9955
7891
5459
3590
4307
4003
6175
136
9378
6622
4548
8763
264
562
9193
1588
1123
7798
1641
8072
6478
9566
3686
364
1162
3079
257
2536
7554
605
3748
1460
9036
7483
8725
4795
6766
4806
1711
4654
2789
1957
9357
3849
6286
3975
9730
5314
1303
8790
5656
4302
3739
9797
6135
7238
2499
9920
1648
764
4799
4378
1897
9409
8383
662
9947
578
4058
5923
5066
1113
422
3902
7650
540
8890
5828
3527
2301
1211
2292
1675
5768
3551
5993
8933
8633
920
8495
7621
1397
3216
7625
7161
3108
9495
6001
8779
244
208
5332
3137
8692
8085
5571
4370
2136
7121
2804
398
8870
5675
4839
8635
3027
4084
8843
8228
5517
9404
1113
4855
4611
9873
5069
1721
6019
9540
9915
927
7556
9119
9052
2633
4055
2590
4292
5572
4052
315
9195
1361
942
8520
2453
6804
7816
1871
125
2913
6972
571
3753
6733
2237
5928
9910
2208
4649
8631
5575
9328
9807
2162
2865
6568
8239
9653
6142
230
8518
6312
4257
5751
6545
1092
809
211
3376
643
5684
2372
8333
5834
1852
6395
3703
6083
2425
8067
2301
9600
4325
7835
9392
8263
6549
3255
6033
4294
2993
4541
1776
2172
2064
842
825
3278
7899
1575
7275
2666
911
6721
1819
7045
8599
2299
4485
555
1073
2431
5340
274
9599
7394
7879
6489
604
7803
7870
3738
2048
8736
3772
7383
3862
3966
3556
7038
9203
9741
6727
2583
8724
9559
9671
650
5724
6273
7055
9534
6097
5489
1951
8252
3336
4728
2587
1141
5483
6107
4209
2815
7887
6381
363
9576
2917
7135
9147
2428
5347
9607
6418
3747
42
3202
9784
4338
6790
4075
4324
147
5629
351
3397
8176
4895
3521
5650
9334
3318
1345
2415
1859
7004
6189
8004
2742
1878
4153
9158
6125
2276
4560
8827
7061
6767
6437
3844
6191
2983
8448
5594
5922
4294
1422
7782
1513
2472
8094
5596
1095
2149
2971
6151
7112
4849
6324
954
7936
2621
242
7301
2449
3919
1404
7048
2317
7261
4760
7962
6333
1405
4679
5003
8750
4311
5271
6309
8824
7016
9593
1414
1940
2655
8209
7261
3620
5373
1206
966
6499
8609
4158
6957
6898
7349
7794
110
2034
4325
3123
5807
1085
5862
8650
2469
3348
9100
3996
2038
4544
8646
4665
9131
7972
7378
6050
149
638
3061
822
9489
5766
9743
2811
1183
2162
458
2168
804
7792
5676
1175
4244
9609
157
7402
7146
4220
9380
1098
1151
4253
5566
6645
882
3462
2456
3739
8672
9526
7482
2529
2364
7278
9717
8384
5223
6657
2116
6176
6001
9074
6929
1010
1465
3063
3882
2186
3363
5125
1781
9846
6705
4457
5480
9232
6481
938
1850
5779
5520
4151
323
5364
7021
7498
5867
7952
1516
5545
4841
9613
9479
4603
7072
7410
7628
6251
707
4023
9074
1033
9940
4151
4896
4857
9510
2676
7496
3777
4070
5417
4100
3791
4933
6844
2176
1024
1531
5599
7204
4263
9963
7852
7238
6178
6446
587
7990
1771
9171
1759
6806
2596
8105
1928
3820
3131
8611
2455
3820
1286
1407
8641
2925
8528
8366
2282
29
6298
899
7043
4148
4546
5290
1774
5330
5016
7224
1430
8538
6667
5974
2622
7106
3102
7245
973
4727
2203
2486
460
2741
6298
1660
676
2495
7155
5917
6586
960
3822
6366
6749
1433
2953
5276
200
176
584
6388
9247
4131
1579
1769
5277
4488
7945
3647
7327
5789
24
1005
8676
519
5253
2366
4975
4683
7573
8167
8570
729
6872
8386
7551
378
1894
3684
4822
1390
1942
1209
2010
9128
2397
9449
5387
5881
6584
21
6147
8352
1843
8117
5361
6456
788
7523
4715
4620
9693
522
7757
170
4707
7828
2770
2047
3153
8755
7636
7104
1579
7225
9099
528
4402
4945
3666
1573
7007
9105
5075
5699
4985
8271
3731
9465
6827
6828
6791
5079
836
5256
3691
7389
8285
825
836
7259
3914
872
875
1784
1750
8719
6547
3600
8928
509
6434
8663
2696
9768
105
4312
6127
5327
3141
7148
6168
7397
8309
3361
3632
6050
7736
2464
8475
6131
2403
9096
5288
2728
9435
6559
3316
1699
4784
22
2503
511
8681
7007
2085
5613
3956
7627
1069
3974
2765
7364
568
7998
5581
680
6422
5034
7392
4638
6769
4975
9970
7915
3336
1988
5812
2037
7079
9375
8877
8515
8505
9726
9615
7661
527
6080
6940
2297
7014
3648
7779
2304
3335
5777
5621
4044
6158
2329
3093
2021
8497
3410
3
8856
2597
6460
7534
3633
7623
137
1283
7973
1311
4129
724
3835
4757
52
328
6953
7342
4945
8042
5062
4412
5488
136
646
3803
8084
7518
3782
8538
7172
7548
1853
2111
1759
7087
9388
9650
8036
7083
3105
2944
4182
6330
4335
9851
1955
2223
3459
8886
8538
9278
8705
7969
1223
2019
4743
2231
7022
7397
4851
9532
9030
3355
4142
3945
1470
4352
291
6817
5760
1734
2564
2231
628
6649
9512
8694
365
5928
676
1704
6594
6758
7851
2488
637
4350
7043
6630
5480
7820
3114
2598
8641
3496
5273
4220
9821
1536
3104
3078
113
1308
9586
6445
2781
3343
9711
3938
9107
812
721
1360
6689
1481
2735
3351
1679
1883
6593
7399
945
9038
9109
539
4902
1484
4619
6634
6840
600
5681
6518
9997
5241
5122
5461
9316
7581
6215
2468
864
5685
7724
3694
8224
8854
5786
7930
1820
5042
5157
5550
4104
5774
8228
3562
806
2891
1385
8490
6030
3194
4792
5690
6884
1571
3472
8403
1561
592
4694
2366
3277
4664
9092
2101
1342
9879
696
3171
9780
6418
4106
608
3375
9028
5406
7488
794
2469
7118
9218
4528
3090
6446
8457
7800
4689
424
2797
9290
6723
1154
2368
7550
5539
9266
7304
8343
4828
3995
5688
9760
9761
3801
1012
1957
386
2329
4463
607
3768
717
1404
5775
1108
8710
3328
802
5577
3885
6221
9009
8999
381
3836
9552
649
5980
9632
7600
9430
9122
4343
8168
1473
5479
7015
7364
8822
7122
6174
9642
1254
5944
4313
4681
2553
7037
3294
2955
4555
7016
453
4752
7174
6889
5211
3420
246
9025
3794
9976
3548
2995
5342
2845
4604
5635
6085
3471
10
6551
9562
5806
4933
1430
9915
5290
7145
2081
2169
812
6527
3868
8125
1369
8290
8371
8983
7667
8364
1504
6152
7739
2366
5087
9816
4801
5346
2911
803
5051
8128
719
5032
2866
7462
3191
1411
948
1450
26
3427
3392
8721
7517
1869
318
9736
1639
1152
3781
1193
3593
4501
5977
65
8997
3914
2434
2024
7474
9267
4821
161
263
7167
306
3777
9631
4258
6968
3810
5404
1536
7659
937
697
5972
7956
4801
1079
3190
7329
7942
8804
341
6519
6008
6522
1388
8268
6598
2910
7990
2977
2716
6053
7943
5679
3207
9056
9692
5794
1780
6419
5804
6501
8286
8939
523
6332
731
9594
6502
1562
4213
2740
3655
4344
3422
4227
8681
8175
8646
601
7300
9239
1321
1386
2440
9461
4091
9683
760
4670
2055
2768
6709
9206
6443
6199
8066
6474
9290
2051
9396
3520
7866
4357
180
6502
578
2524
2518
3103
1868
6613
9243
7392
2237
6686
7054
2403
904
2148
837
5807
2901
5967
4740
4443
9380
2997
2748
4181
9812
1231
6536
2630
7394
9726
1188
3528
4472
7235
9987
3312
3076
1079
7980
2326
6760
6702
211
5387
3871
4519
4658
9043
9091
2166
1737
5740
9619
7054
1970
8318
4757
6272
914
1815
2784
8288
5757
3358
7011
3672
1137
5094
3687
89
2691
9576
8030
201
5583
1777
1088
9802
1840
7016
9334
7479
4724
9462
973
6421
539
1603
7772
3621
8307
1096
8893
1618
5549
7747
3688
3205
4055
5
3718
66
2972
7364
340
2170
7794
2276
3139
5955
2907
2827
6204
5802
2252
5290
3788
5118
7317
3897
4246
479
4242
3694
1316
4682
2084
1182
4770
2337
2463
6596
8283
4660
6738
1142
938
8511
638
2275
219
8394
7820
203
8579
9136
3234
9199
2692
1268
4371
8001
4365
748
3459
4635
4750
9599
6516
2300
8973
4272
5799
4636
6583
4125
621
629
4336
3237
7793
1709
1749
5003
6994
6170
6565
409
8282
8937
6834
7729
8624
7940
8668
3479
1873
1852
3871
1898
1909
7804
9653
2993
1811
1845
3402
7209
2873
9355
9117
8174
6027
7412
8499
3648
4834
6212
8931
8800
3550
2003
2631
5235
6006
9759
6108
3818
1038
9790
6698
9281
8009
8878
3477
9831
1640
3123
3101
5537
8764
6701
7242
5151
920
7968
7204
2180
5750
1941
3041
7559
7063
6127
9013
8023
8104
4811
4604
6454
5109
5512
461
2879
8525
103
1612
2535
7410
2272
6114
495
8484
2442
5853
704
5068
1064
7684
953
2691
1263
7285
4332
7565
2245
5164
1973
1310
5549
4102
1569
306
7295
9975
1017
900
876
3405
6851
2314
6234
7939
2615
7544
3784
1586
3269
8805
3346
2465
7826
8164
1042
6011
3977
5850
9982
770
5242
8477
3820
2125
3279
6875
5740
8505
5469
8587
9320
2562
586
3207
1811
631
3462
9673
4907
7370
2884
3407
2773
8894
5676
7762
2267
6956
3897
8601
5628
8758
1398
3063
1648
1839
589
3553
7376
1140
217
5827
8706
5834
188
5688
4900
6804
16
2221
9007
1742
3380
6811
3465
3765
2409
6192
7719
1177
1851
4731
2616
546
5054
5786
4536
2601
833
4529
757
653
2718
4922
6367
4193
9812
1690
2216
6115
1556
4062
2838
646
7081
1824
3065
430
3470
5794
2136
5486
6285
4216
4502
3782
3
3773
7248
3019
5625
8909
5073
5882
7656
6009
5112
6521
2896
9569
5525
4266
9049
5988
3748
1745
2004
6841
2584
8423
6847
7574
4878
7376
9147
9439
444
2594
9856
2207
2103
6511
9308
2677
1248
2590
3204
9341
7144
5784
6233
6691
8369
4493
7032
3613
9225
1224
1553
9052
8761
5581
590
4722
5096
2459
1216
9021
3176
327
1172
8485
9767
9358
9897
3159
5547
6837
9787
55
477
7719
6542
4520
5299
1563
7996
2776
8937
3099
6716
157
8912
2656
2813
8644
9394
4393
9919
4164
9495
4792
9095
8860
2545
1263
2528
5984
5677
850
1337
5454
7849
2014
9539
6206
3597
8268
9273
7436
9272
1022
766
4583
8287
441
4206
7481
1999
7314
9657
7489
3231
6009
5491
7599
168
8405
5407
4550
9394
1393
9057
4777
8141
5990
1515
6672
7512
4417
2418
76
377
2591
6453
189
9922
9387
3048
7142
7425
772
4625
4369
728
6452
9577
8626
8087
8999
8256
1985
5602
632
7678
1480
291
779
3399
5203
4983
8333
5096
4602
5705
6152
5706
1487
6991
1720
2713
4821
5637
7156
4134
6772
8828
3790
1061
9679
8263
1350
3259
5610
7960
9510
4217
8005
9710
12
7341
533
6868
845
5468
1744
4049
109
1826
5348
7663
6063
1680
5028
9723
1632
436
9596
5341
6136
5777
8955
2460
4410
8510
3901
982
3610
9244
3060
7201
996
5774
8434
8675
1783
9071
6957
4089
4727
4189
9219
2451
4555
6044
8115
6054
4570
9042
9509
2028
9786
3814
4265
8033
839
3962
5955
8647
1528
635
1395
371
8397
2995
1804
4791
8972
8208
818
1429
6444
5436
1837
4071
2467
4528
1295
6951
6477
1550
6284
81
9468
156
4682
6220
2552
9872
3450
5495
5744
9831
6072
7549
424
9231
3253
5205
9726
3828
1931
8140
4673
1176
6436
9791
326
5986
2176
5855
5430
961
6641
8099
1080
7817
4689
2934
8787
7750
5107
235
5983
606
3247
4201
7504
7214
193
4745
4843
9915
2327
4800
1111
2182
6467
6286
8528
9420
4778
4989
7007
9506
580
2566
6943
3472
836
2054
6652
3804
3656
1846
5095
316
9440
1850
3472
1253
2422
4796
5098
371
5358
5035
1546
9086
3805
6991
4464
6486
8067
5526
6717
8966
223
830
3535
5594
883
1216
4190
4891
5299
8184
7415
3669
1313
9485
9246
8807
2220
7541
238
8399
6106
2561
161
9579
9466
1957
2133
6504
6971
253
4934
3494
1150
6585
1744
5090
5456
100
5927
6960
1670
7081
9638
8976
7947
7482
9012
4555
6927
2677
475
8393
4278
726
6342
8105
6819
201
4267
3969
5914
8739
4328
4939
6236
7844
9606
8433
2194
1228
936
6001
4297
9954
4185
6918
5613
4021
8906
6971
4039
6654
480
314
9609
4546
3987
8063
7296
4562
6944
8561
4835
5001
9794
667
1993
7422
7553
3298
2401
3251
3390
1495
1572
7903
5073
1799
5051
3997
8194
7394
8790
4395
5882
6585
9760
5253
3309
6501
8609
9054
6712
7650
7718
7669
888
3885
7401
5910
6154
6698
197
6739
5620
2356
8204
317
6284
5311
1244
440
2952
1602
4244
3531
2253
1468
719
7331
5144
1313
5460
8717
205
1315
3615
2651
6755
6458
5254
7160
6362
5617
4165
2475
3669
5382
7192
5978
2635
2793
5693
8431
2253
3882
3880
1127
6611
2952
9705
8057
7759
938
2754
1975
6265
9843
171
8304
3564
4240
5990
6256
2256
146
1506
2243
5353
6201
4278
6664
3147
1989
1195
1515
6844
3606
6684
2908
1408
7137
562
9547
6157
6555
1316
5487
559
3749
9650
3092
4436
4887
4034
9998
6287
9116
4686
2123
815
2721
4917
3253
6912
4307
9113
620
328
4298
4729
4993
1029
5121
1666
3290
3883
6784
6098
1499
2698
6277
7462
5759
1879
8187
6636
9880
7021
8235
588
8277
5580
1071
3739
4325
1466
8581
9158
5472
2849
5213
3274
8119
782
2381
6319
7196
7334
4879
6894
7702
5857
8416
3185
7993
2716
8877
5206
7564
9381
722
2161
5244
6116
4055
6509
7266
3655
7332
1659
8511
7271
5403
3341
4370
8394
660
5657
5130
2562
8428
1557
9579
8895
6407
4094
9589
5519
1968
9153
2865
7397
439
2573
6729
7887
2095
4590
1873
3003
5524
2342
1306
7858
291
6811
6408
8006
2350
4041
8960
4582
1550
1703
5266
973
1752
1185
6121
544
566
2224
4223
9445
7532
1859
8895
5910
6679
1910
6458
7587
1825
9603
3473
1458
747
4006
9201
6665
7382
6965
3092
9179
9591
935
2900
8673
3725
7698
9100
2153
6194
1341
1688
5991
6560
6070
6154
7815
6311
4421
6446
2400
2368
4284
4090
1188
4655
3781
4248
3319
2602
1455
1515
7214
6322
5546
474
5617
4385
146
8649
3757
1616
7939
2394
9840
7131
8930
9456
9396
4955
2062
5487
223
7012
1951
5612
2607
989
6111
6311
314
3665
8966
7341
1432
3636
7738
8192
4586
6078
1839
8662
5239
6160
1803
8538
8875
7039
5978
7084
2674
2982
3225
9052
4993
8096
7665
290
2406
6383
7177
2643
7382
9413
785
4844
5767
3747
1332
3320
2142
1453
8910
4473
2891
3534
7407
7861
1303
7896
1223
7941
6449
622
1715
542
7675
1706
3259
9083
9584
4204
6955
4717
8141
8762
5932
4005
7147
3885
9982
7542
5744
5972
8837
3021
1841
2156
2753
6623
3400
3271
6295
7344
9357
3905
6212
9885
4625
1430
7115
3077
9133
6125
9307
2451
9087
89
1558
7548
9808
3493
7888
6811
3366
2915
1474
5518
989
7973
707
5084
9755
9317
2094
5311
5429
3112
2239
4649
8468
4619
6439
7400
8219
6197
4562
942
1087
3112
5848
486
2091
3928
3008
3706
5620
893
2572
2613
436
9782
2836
5483
6012
7915
2938
7359
2146
3722
6620
3636
1458
1148
2034
7639
4862
7419
4610
9689
3373
3280
3419
2159
5754
652
2773
2281
374
3859
9807
2057
1419
7055
5748
2515
4118
2302
3218
7787
996
9859
4442
2992
1354
4673
5579
8754
9119
814
487
4327
41
8653
3224
775
7780
7936
2296
5423
9868
3614
1301
8874
8736
258
9931
6308
61
5210
6547
5472
532
239
8525
4807
9786
6394
9400
6495
6766
7000
2466
849
9037
9292
8945
453
4680
6053
5089
4702
339
4821
6656
8021
5684
3676
1087
7906
4122
9496
7407
2159
1924
6615
1376
8220
3122
1313
8749
1318
5479
260
2639
2343
3658
9137
1904
762
9300
977
6274
2726
4132
2510
469
9557
1489
736
3972
7244
3612
1283
5305
3253
7022
4730
9659
3021
5844
6992
6580
4802
3515
5117
11
8210
6545
398
6454
8763
130
6577
8295
7996
4329
2092
8365
6310
1235
1824
8736
3626
8123
5588
1417
1106
8909
7758
1152
5759
6411
4818
820
8565
895
5405
8083
5904
6172
438
7884
3550
3110
9321
9133
2255
1859
1868
5520
4040
8300
4614
9756
8708
7264
4464
7744
813
4956
2256
4217
8340
5628
3757
4148
5678
3085
5841
4946
5151
5847
1156
2819
3290
5935
5467
3017
348
5124
8036
7686
4107
9283
6887
6978
1970
913
7628
8761
8501
2384
6608
9754
9131
7521
6618
6270
4581
7177
6099
5861
4681
5203
871
2120
4767
4862
762
3639
2570
2113
2203
4714
8639
1440
1851
9754
8701
1956
5600
5565
2117
6315
1975
5673
6569
2700
8809
8692
5502
571
7379
8353
1459
4190
8712
6283
5417
4020
2641
9864
9521
5024
1396
6586
8192
2613
5967
3180
474
1532
5336
2527
4725
332
5740
3850
5257
4231
9601
2000
9372
2159
1484
9797
2411
9574
1497
3341
7877
7211
4923
3946
9462
7383
568
1935
1922
3660
9272
6930
8122
6781
8364
6442
294
9536
7455
9593
4575
6004
5884
5630
9237
6003
2388
7506
8651
3928
3121
9266
7020
2220
5006
2237
8165
3664
7612
9069
250
3393
8196
6602
7224
1082
1418
8182
1986
6100
7292
3605
9778
3604
8430
147
4182
7517
310
1317
2213
7124
6440
865
9497
7624
3571
8405
1268
1403
867
9504
23
6002
890
7547
6076
6802
9570
6841
2952
7326
6987
6444
5600
7678
649
2020
5737
2152
8286
8682
5276
333
7656
1185
5781
2092
6770
9144
9130
5826
9132
3980
2188
991
5043
1213
6174
537
1873
6391
9621
6206
3285
5490
2362
9806
9852
896
6803
6575
1242
2254
1897
2515
3200
7408
4705
6198
931
2384
4181
6959
4169
994
1951
5610
8210
3981
5190
859
9485
4829
7489
4471
3894
4407
4568
867
1010
9375
3060
2350
7565
9977
2235
9413
9120
1258
502
6724
9751
8010
780
9253
5721
7822
1447
9785
629
8502
2453
8559
6313
5828
9416
8156
5926
5103
2018
1914
3013
5289
6888
2121
3176
7668
9281
5051
2963
1896
2352
3469
3996
1071
7565
3701
9017
4042
4904
3549
547
7536
6925
9388
2141
2889
6409
5650
6849
2195
3403
7535
7431
6473
3781
8295
8103
4115
8089
5722
8161
1324
6416
8553
3695
7494
2306
2458
4780
7566
6311
6975
2040
290
7681
9307
8269
5988
918
8257
7929
9973
2411
1730
9770
8043
1263
4221
5551
8653
7500
6488
916
2281
380
8226
2841
2295
9263
5960
1744
3159
9582
2609
5337
1254
6888
2227
5646
729
2627
3249
184
1859
6336
6276
3239
2172
306
7871
3476
1262
4374
170
9582
8650
498
7174
6586
295
9035
2541
1654
3468
1223
398
9640
1543
5281
253
5507
9996
6743
9427
2823
2375
7172
1596
5002
361
9242
8027
8659
5150
318
8845
6555
8352
1130
5324
937
9332
916
555
6784
2545
5499
5124
8448
2730
145
6432
2502
8099
4789
5172
4203
1602
5224
130
4944
8220
183
2954
3274
1841
913
7838
2653
8748
6782
7153
4956
5972
7747
2996
9943
1875
2097
6337
7381
3187
5789
9991
338
7428
7894
9007
5266
2146
5209
2202
6924
2740
7935
1592
3963
8764
7445
2218
4004
4544
6653
3494
5458
3723
3270
4612
6985
8899
6295
782
4496
6921
6531
4089
9910
7601
2582
2651
5495
8595
4858
4391
2544
2069
1414
7229
3408
9339
1129
5791
1428
8184
1669
5840
4203
3749
1983
1529
1819
8042
1628
7336
3117
4915
2170
6053
9935
7115
9069
6577
1356
9491
6023
401
7400
7789
7564
3686
4404
5569
9843
2594
2323
2757
4029
3157
7600
8082
1491
3369
3921
4235
5051
4436
7152
8962
5968
127
89
7499
2045
8066
7246
1785
8276
4426
9845
9689
7769
3999
6428
3124
7354
889
5051
7392
9242
1182
8899
5334
7362
7868
8338
8945
4608
12
8917
8005
5128
2716
6641
9960
3976
1766
8944
7804
5018
7022
2251
3041
6773
1600
4715
8929
5045
9659
5820
5163
672
4238
2890
8911
478
7996
8204
8693
9598
3920
9460
6975
3771
129
585
4537
883
2748
9553
4711
2078
3478
4767
8377
4096
4000
1829
1255
6146
7599
8073
3486
6577
9534
3102
7725
6890
1575
9747
6089
3237
2869
1378
8128
8419
8823
8280
1749
645
2064
7950
6471
8817
4682
1577
3761
7945
8968
1735
2304
2462
4614
4368
7021
9649
3975
1499
9411
172
3400
9799
3349
7830
7858
4146
4884
5966
8147
4583
6747
3780
4799
9734
8313
1734
489
9661
9570
1637
3214
6371
3298
3601
5810
766
3073
9056
3471
674
6031
6275
9858
5804
8325
2433
4106
1935
8164
4165
5588
8478
5964
6741
636
670
3690
568
5596
58
5764
2510
3572
4722
2065
8701
7989
3713
9490
4986
4737
8554
2296
875
6045
8332
3030
3020
3481
3933
5228
4599
4512
1221
6265
7708
6902
2642
3748
6902
7905
1619
1662
3339
679
4388
3131
662
8644
9429
5065
5683
9605
5588
6274
9236
5386
6085
4662
5150
9434
7174
1014
8165
4410
6967
6597
4875
4134
2092
9281
5264
9395
7275
8222
6257
5159
5661
306
2872
7451
5789
2439
6989
1830
4452
2606
8555
1758
3408
9128
9129
4432
1852
1972
3049
3645
5905
2141
7245
4130
977
5200
6735
9491
2788
2811
9165
6303
8096
1768
8436
267
6707
3494
4388
6393
2242
8213
2821
4101
300
7075
7684
9887
9149
2409
5207
4690
9899
959
7918
510
207
7495
5049
932
8019
6483
4651
3251
9583
7657
1904
5620
9027
7261
7546
1313
5172
516
164
3546
4919
2409
6120
8587
1554
3319
1342
1876
615
3150
9884
1766
5599
2695
5198
8143
681
3754
1407
8675
7916
160
3501
3705
1900
318
7350
1949
5773
8145
2714
3027
8601
3325
4992
9633
5687
3728
4383
1637
163
2494
4312
6826
6322
9833
4535
8101
2604
4878
8143
4959
4871
6098
5855
7879
8673
9688
5450
7810
2587
4152
8948
9406
3359
5828
5269
5863
7622
4525
1463
5251
4224
609
1345
3107
5842
4909
6378
3704
8491
620
2
2882
2774
2015
3225
8654
1275
8242
6300
1860
2367
1726
8549
8088
1901
9764
6000
3790
708
4806
4398
4085
7693
3594
3385
7072
5373
7854
6113
9643
7180
9535
7480
2796
3577
1766
3229
189
7098
2599
1702
2324
4775
2403
9759
140
134
7340
4479
6029
5889
707
2667
7343
2807
1187
889
7285
9822
1988
9798
769
5402
7741
7839
8314
426
6606
1073
9291
8383
3524
7841
6997
9575
6781
9227
1914
2180
4152
8915
6234
4531
6748
8887
2305
9783
8408
659
9971
6238
5989
5266
2964
4044
1194
9023
2487
1735
7775
6282
6900
4107
8833
4831
48
6336
7732
4371
7163
7879
2712
3594
6524
3741
9662
6794
7073
9953
9717
6632
7070
4755
8351
5728
6506
6904
465
6075
6485
7759
1589
1924
2091
4366
8790
8755
1327
6622
6115
8222
1661
2803
8469
6544
7416
4191
4742
1721
5815
1397
5657
3170
6797
2045
4352
5879
1943
1955
8015
54
782
9668
7023
6341
8563
7258
4008
6203
8175
8698
8990
6787
321
765
8339
9706
262
439
4673
3578
6511
7080
2009
853
6693
7264
5511
498
8461
5102
7969
9447
8838
1113
5808
7378
3636
8272
5848
1319
9726
4721
327
8896
6816
8828
1727
1596
2172
3750
872
2327
1195
5484
1443
4771
9187
493
1556
5554
4750
6443
8395
4092
3274
2306
5007
9112
9744
2169
9323
5335
3716
438
4226
8558
5699
4816
4053
2474
3452
7424
7326
5964
8699
3746
7664
5311
9650
3696
4883
1810
2377
9030
6073
1585
4562
6586
2113
1076
8429
7368
8496
8616
5790
7385
621
9813
7017
7322
2780
2005
7534
4610
6929
995
9898
3289
2067
1452
6951
4156
7521
924
1652
126
3777
6205
2202
9497
2633
9993
6836
2833
4380
5202
1307
7585
3503
4089
3436
8219
5936
9432
3407
8635
321
5416
5456
7962
2884
6554
6518
432
596
4053
1
4967
48
323
8404
353
173
4004
6706
7453
5339
9848
9650
742
1622
50
9858
7670
3142
6236
547
5823
7224
4192
6065
4668
6837
6650
5887
800
6290
2960
2831
3019
1466
8321
4270
6318
9032
9391
5872
1931
9990
7561
1027
3940
1709
5956
5538
1638
9134
1305
6353
818
282
7234
5195
6504
3286
1236
2767
4202
2309
3613
6902
6742
7432
3011
8479
8972
9285
9812
2249
3166
2601
5647
5783
3842
4183
4510
8707
1892
9794
8599
6077
4407
1400
9877
4334
8394
882
6562
5592
3695
8840
2291
6193
2847
7438
4543
8461
3389
4371
8027
333
1142
991
8250
6205
1385
1368
217
3687
8523
669
7318
5251
3841
576
5862
734
5225
6714
1423
6575
2394
8019
4186
276
6054
843
1830
4086
9703
1186
125
195
8306
6933
3391
826
8976
8203
9234
516
4950
8000
4563
4625
5657
7246
2810
7654
2480
7963
5453
7273
1926
5893
4509
5182
5358
9153
6457
3841
7186
2664
2254
8970
1460
9053
2511
1236
195
5456
1725
7059
5429
2248
509
7597
1003
4117
203
7106
9371
6051
9912
6636
3369
6880
2090
6768
2781
789
9103
3517
816
2870
9852
4855
6138
8231
2513
1386
1985
5436
6713
3634
5066
4119
6066
143
3457
3509
9864
5098
4480
3290
978
1566
707
734
5485
6591
4637
8370
8451
7383
352
4586
9370
3606
3500
5500
298
9393
9353
208
9438
129
2323
3084
3045
3247
9351
6187
8933
9378
3887
2034
5539
9975
6772
2008
1579
275
5291
8483
2608
1873
1904
9399
2504
7523
9708
2447
9814
1853
2570
2304
1204
5620
4030
8414
6829
7839
592
2705
5344
9676
1810
6329
9484
6340
1694
2016
6685
8379
3417
3959
3021
1768
2008
287
2924
6955
7817
4114
1589
639
6862
7937
1736
492
2896
2698
1532
2221
9988
7241
5808
455
3736
6063
8494
9760
3847
3297
154
9766
758
8652
890
8875
4197
6711
5502
4286
2156
4399
4777
2215
4611
2713
4036
1055
7516
7872
7670
1998
9065
3934
6290
6146
2057
3618
1331
4514
3296
6577
475
7476
3389
4710
6088
3208
8072
2200
8038
434
5214
3954
1699
9439
54
9843
1731
6669
4882
3740
2325
2516
8391
5724
4984
8900
4207
3016
5633
3115
7745
233
3878
7091
5472
2353
8574
6673
876
4439
5492
3841
7027
586
4880
5869
6475
858
8930
9355
5393
9007
1813
3788
402
5690
7797
8827
3292
1577
6199
1870
986
2253
5439
7604
5520
2149
2309
9248
1564
7858
6711
1972
7058
2162
6595
2572
5907
8823
2577
5922
363
4796
6846
7925
4718
884
6323
6743
1231
4061
5788
8933
3843
4704
2684
4792
5153
9786
1675
7665
7379
8719
3658
5305
8585
2001
906
7431
1327
4045
7305
2582
2035
681
202
9074
5970
8675
8325
9412
4383
9324
8402
4865
7620
690
1691
7082
361
3350
389
6590
2921
2704
3137
3827
5588
6781
8205
6948
1355
2289
2787
2069
6086
3204
6891
5843
4121
5581
709
7292
1690
9467
5084
5687
49
3815
5692
3920
5262
3101
2917
2306
1721
5004
1029
6028
2126
6939
2256
553
7449
5493
3594
3259
6639
6910
6817
6235
7288
8611
5009
4779
5305
1485
2203
8441
3740
151
6183
6642
8362
3747
8394
8895
313
2906
9014
395
4231
9567
9733
7413
3603
4978
1544
3289
3773
7865
9948
5080
7064
9102
5360
2950
3732
1419
2249
9242
7122
2697
6520
1843
1315
9218
7038
6919
4803
879
3801
9406
4287
3816
2263
5734
8545
7158
558
2179
3532
9682
3979
3969
6341
9054
8978
4807
7457
1005
7122
3840
7895
8340
8026
7244
182
9945
9064
4602
9949
8165
8858
6023
7916
8797
969
4569
434
1762
4012
9944
436
2053
4503
3678
9630
9972
9140
3023
7084
6828
3925
671
8977
7322
8594
63
9194
2633
6105
1510
725
8867
8641
2691
3363
3978
3506
8128
4058
2536
4593
6222
2489
1766
7671
9111
5887
4202
660
184
3971
1965
3253
6418
6949
5201
3793
7882
7005
2536
5124
4737
6397
4533
5318
2825
3381
2087
3605
2580
529
465
6649
2384
8689
6235
5360
6720
3834
8769
7870
1535
3362
144
9984
4064
3005
7315
465
2022
5461
8235
4830
7581
7096
9248
8003
4809
9616
4513
3116
5364
9482
9479
1047
6163
9039
9524
2843
4444
9778
1714
5098
223
24
2390
6573
3452
6395
5742
2837
3403
850
8909
4598
730
2890
7220
4482
8488
9490
9202
6545
6991
3773
4672
2522
8764
7056
874
8948
4141
7938
934
9645
5040
6383
6173
8838
4341
378
8767
1118
922
7670
4115
5879
5940
5353
2869
5441
4166
5589
1063
8096
5354
6674
3010
9533
4488
4782
5726
8729
6512
3265
5518
7264
672
3156
7064
4255
1959
665
2841
2605
2316
4884
6061
6121
2220
1641
3412
1197
4093
7545
4865
1216
2534
1572
6545
6617
2853
292
9249
8632
8544
6763
9585
141
435
2484
2881
2750
5066
6368
7047
5286
7533
4680
4382
5184
4514
1065
3955
922
6465
6420
640
630
4105
4165
8130
9238
3206
7703
2362
4159
3431
3315
8623
7369
1528
3573
342
9985
6504
3447
60
3945
4603
3733
3414
4252
4877
4158
5079
4376
1917
1595
1578
6886
944
7162
9630
1149
1850
9687
263
34
3013
2000
8328
7932
2771
824
4214
3153
6259
657
9613
8762
8006
6964
1973
7256
6164
4252
2926
6134
2517
150
4435
3394
3535
7475
2635
4238
1657
2478
3452
2871
2702
8921
5936
6177
4851
4470
8963
9267
7013
7995
4457
6422
9538
3798
5624
4785
8206
1551
1790
2313
3257
8753
2427
5969
8774
5924
1675
883
4194
3384
1258
6337
8920
2522
4070
9799
3066
3708
2906
5954
2207
7647
8828
3712
1686
6927
1465
502
6495
9697
9203
9804
6052
8042
633
4871
9280
9425
9928
8808
4332
793
7863
8821
9025
1415
7070
315
2571
2336
4861
4741
6589
7439
9402
3631
3491
3565
5395
62
3364
4849
3524
7996
6233
9508
3896
9346
5200
5695
7440
8436
7377
6688
826
3600
3744
4700
9834
6045
6119
6888
3295
6853
9279
6777
4768
3987
8924
9215
1892
2529
1669
7253
4026
3009
1536
4886
7223
4665
8514
447
1830
2740
8680
1653
2115
1501
2108
4784
9157
7589
4308
7269
7979
1495
9320
5102
7384
8507
7748
3919
6290
4288
972
5312
3485
4417
3605
8034
8683
1669
9842
7084
1510
9598
5759
2384
1624
6073
8880
2710
7567
5807
8321
9886
4132
6652
3737
2832
8040
435
8892
1028
9551
5465
6219
2163
3265
4485
1978
9319
4812
8808
7753
8900
1392
6648
2921
1696
3202
1247
4486
5976
9664
2295
5177
3289
9080
2375
8094
4811
2826
8640
6318
8454
5544
8840
8925
4742
910
9887
587
2504
8509
6680
570
3777
1107
8639
8377
1040
3181
1506
7451
8853
957
2368
5469
6300
1397
6571
9548
6257
2589
6216
7391
2433
818
1265
857
5366
230
5944
6746
4131
9439
5077
676
1380
5710
7287
3862
5505
1396
4551
9325
5217
9202
531
3608
8651
2562
3298
2410
1208
4900
1587
3748
3787
6879
7581
210
5795
3887
3346
2654
5405
6931
2520
1321
2858
8902
3625
6756
1331
4717
6464
2122
3860
8242
8468
574
4117
1108
3554
6197
3470
8514
2111
4667
6678
4963
7029
294
3814
8487
7385
9378
6582
5383
8306
5930
3035
8736
2861
4704
5920
3066
9378
8243
6323
4340
5510
9152
6154
9268
8568
6193
64
336
182
2937
9872
3314
2172
713
2296
2163
9679
3359
3848
2156
7043
9908
5116
5831
1728
2730
342
7951
1639
2914
7209
5023
1621
1681
6029
2134
5590
6501
7173
4879
1836
3224
499
6957
309
1046
783
4668
2405
5396
8712
7980
5697
4947
7875
4088
8338
2861
4350
3486
475
9114
7012
416
2871
297
3459
9300
6184
5604
8591
6234
7851
2944
311
9976
7387
7032
9550
9959
5025
2146
9882
9851
3128
5835
5359
3901
4539
6244
3885
9918
7161
5011
7436
7081
9421
9675
9742
9013
7018
4419
6666
2527
7355
5632
4440
288
4425
9248
6184
1287
3515
117
7656
6434
2134
9757
9083
7869
763
7766
1088
9651
4685
3889
9217
4353
5995
2279
3396
4829
3154
6855
5753
2883
3926
6807
2664
6917
6422
4293
4653
8782
2093
2159
804
5959
3990
8108
2728
9010
3383
3173
6811
5774
7912
6580
2447
3181
4863
6097
8290
4757
3843
2867
8158
6890
4195
2344
3160
9773
3777
8469
6878
9547
7448
6465
5953
6628
5493
795
9335
1473
4567
8689
5622
3086
6256
6401
9396
7466
1315
4896
4281
2912
811
4016
2583
6562
8953
9346
8768
1923
6207
3961
6808
237
5469
8057
9473
9509
8497
3048
1006
3753
4629
3135
3322
1617
8839
6578
9832
7894
1645
955
347
3667
9051
1526
5080
803
6751
9508
5748
4370
9159
7522
6988
2156
473
2786
1861
3939
1959
4721
1102
4402
6884
2547
6947
2661
2160
183
8848
8281
3626
319
224
8300
118
6837
2491
2365
7
4988
5043
3326
2725
1650
7635
8839
6935
3824
4624
5428
6477
2104
8935
240
5001
7297
7284
7294
263
2565
7178
4402
9490
536
540
4148
7915
4663
8399
7318
3606
6777
6034
9991
3066
8276
8209
6141
3712
658
9669
6050
1334
2227
6972
7073
2859
1714
3877
7405
7399
6279
4024
5341
1405
906
1447
6254
6988
8550
1576
7006
6007
5567
2807
2821
6317
4940
1484
4827
778
586
1180
7355
4035
9666
525
2903
6896
6196
2538
9216
3197
8519
2377
7315
9454
5221
9761
1520
3314
8932
6929
2514
2841
5123
2904
2313
5012
3473
123
5658
8446
2707
9
5760
2351
5852
9956
3639
965
1838
5359
9313
323
1052
6838
23
2115
7013
4592
5355
7593
3689
8945
1630
3022
8146
8590
8273
6997
1184
5747
6977
9101
4419
560
454
8861
874
5368
1313
3690
7545
3217
3167
4654
2647
3944
5479
9237
7295
5481
828
1040
1198
7643
8310
7345
4649
608
9595
6843
4534
511
4802
1429
413
171
3798
7988
7792
3805
4792
8313
9652
787
6164
7938
4005
4984
9351
7523
4807
3034
317
3675
5899
7018
4634
9591
2823
4443
6533
9766
5325
1172
5410
7141
4164
999
4224
5546
9436
8949
2990
5054
4047
4051
7123
2962
5197
1328
4796
8501
8760
2059
9659
5115
6342
5988
5278
132
2405
9078
5483
8043
9377
5666
426
206
1929
4409
1638
778
7717
3318
583
5963
786
309
4330
1219
5587
2243
8803
9011
4079
7196
4800
7863
5751
1843
4471
2031
548
8256
6250
9924
7709
2175
4411
8575
9239
7855
5315
896
5435
2961
6218
2269
1212
686
4058
3074
6271
5221
1028
4177
9149
1058
950
3101
5075
6193
5457
9649
194
4237
1830
1054
224
704
4949
8416
9892
4263
4307
8124
580
4658
3231
4240
7578
5145
1592
428
5006
8798
5130
2889
6057
4860
4225
8981
8550
3411
2465
9748
934
4063
681
8382
1891
7151
5237
837
7450
3922
337
9239
3145
5616
2855
3532
5163
9994
4759
1885
3639
7876
2614
5779
3337
1557
5804
1414
1752
1586
5163
5093
2389
8312
1503
6583
1422
9878
9169
1115
9232
8863
3202
7609
4429
5665
9935
8044
6890
7897
9949
418
8045
1547
9165
5704
1216
1479
8579
7364
2154
5966
5627
555
68
2362
508
6972
2457
8787
8930
427
2806
9746
8674
7741
8844
1958
1144
9273
451
385
641
3538
550
3414
3485
719
9354
463
6302
635
2183
4906
7801
1719
3745
147
1199
8919
7245
6889
5077
79
4988
5245
8899
2312
8222
6165
5689
2164
7918
2863
8430
5953
4871
4415
8635
9559
7093
490
5237
167
4779
8317
9462
5981
8324
421
6645
3765
2827
4378
9132
8229
3330
3933
5298
1719
8623
4173
8531
7468
7869
2121
6553
4742
3542
8143
5869
9616
6197
2820
8313
823
1448
8612
6681
6156
7211
5515
4257
1241
9715
5201
8667
9123
120
8666
3967
6115
9639
8283
6093
6590
4
6346
5912
7016
7849
8668
975
7420
6098
3626
1768
6681
2820
4153
786
6582
8179
2596
3058
8379
3075
6133
4894
4817
8872
3466
3578
9952
6202
1906
4474
8948
2264
7628
3600
84
260
862
3111
1612
1642
2128
4308
6827
1706
5199
7827
1718
1742
7431
3467
933
6410
8349
2751
9411
3322
2910
5780
9021
2891
6761
163
1823
451
6972
3927
4121
9357
3220
6142
8429
3329
1230
8750
3643
8655
2353
537
7257
2020
641
9568
7293
7738
1494
3492
5772
8921
4012
8097
9994
739
2571
3253
2715
347
1807
1945
7336
7265
3182
2481
9680
60
652
6175
3600
10
7509
2793
3717
112
6465
3888
4899
8278
257
9771
4767
6831
607
9330
2465
6538
9264
3150
4194
2333
5996
9475
3632
9591
4955
9424
3222
4381
2567
2580
550
8463
7300
6585
2558
9961
4018
4672
9160
3628
3443
3236
6991
417
240
7459
3487
4647
1663
6789
1254
8508
2347
3630
2776
7846
9834
7988
5941
225
9734
8026
1512
6117
9044
1471
4775
6726
1053
5657
4869
7449
5546
4610
6993
4243
3544
40
4622
1298
6693
9346
1168
2310
7621
7841
3066
4386
9028
4253
9232
3160
6134
8291
4970
36
9193
6548
2005
7652
216
8350
118
7646
820
6285
5
5566
6130
7107
1473
1403
3071
7451
5841
630
42
5384
6494
9835
8980
3194
6975
3129
106
9016
1658
305
4278
4908
135
5435
7810
6801
2717
5049
9851
7406
1173
8326
2973
6574
5729
7861
3504
4900
6663
8438
9306
5402
6414
3024
9188
5021
6012
9697
9977
2361
7856
588
4359
604
5396
4095
5055
4880
9105
4594
8631
1460
7284
9649
5289
2133
9705
3362
9390
870
1862
5896
9095
1435
7707
3418
2530
4021
9131
9794
2202
6149
1177
1181
8969
8114
2977
7344
1845
6052
5771
9009
128
6364
994
8830
9928
3654
3386
4699
8013
629
6360
7983
2080
2442
9447
6048
8084
9890
539
7958
1998
5525
8859
4571
5566
4302
8120
9455
3008
5651
3168
4988
8361
7053
7557
8837
1257
89
3963
9569
2237
8752
4122
6607
7438
6328
69
8946
6452
1572
3844
9082
6474
7097
8558
3494
475
2880
9729
8629
7068
5658
2128
1881
4970
568
4054
299
5539
4867
7878
5882
2710
4831
3016
5232
856
5966
5033
3072
7581
3602
2531
3658
272
5592
1637
1488
2338
1374
6470
2869
7504
1974
2779
2870
8290
3643
1119
8004
7827
3801
5364
3570
2557
1691
2159
5991
7042
7729
6989
4750
1084
4937
2943
5515
3699
3005
8958
5952
8061
585
5378
8345
6508
4196
5962
8651
4921
2795
7173
9888
1339
5483
7483
8888
4577
6099
1776
9309
4738
2509
8447
597
9068
297
9758
2073
3360
251
9172
3702
1261
6551
2956
265
1248
7893
7146
3618
3801
6908
5146
8536
9352
4185
5673
1227
942
1980
5552
6019
4227
9246
6939
4954
1448
4005
3968
7078
5296
1312
9512
9029
3215
5012
8784
6244
2624
9383
2842
4546
2782
2325
1710
5171
9580
5262
3785
2417
5393
6130
5486
1983
7342
951
2686
9821
3776
6322
3356
5853
617
9889
9080
4252
6304
8371
1617
2171
6530
3003
9524
1766
7697
435
9006
6149
1062
3051
2622
8532
7939
6426
9241
5212
9978
3235
8766
7285
7560
2283
5477
3037
3636
8555
4643
2779
9961
5160
7992
582
7614
891
5040
2853
3933
7758
8873
1954
3546
1271
6985
4202
2052
2542
5
5483
7101
5330
3777
4453
3088
3042
3137
2834
2507
402
8922
4661
9122
1996
3332
1526
5537
5256
2530
8806
508
8536
9575
8693
9372
5924
5213
9413
4365
9159
8834
6459
257
3616
7007
886
4747
9702
2365
1752
2356
3191
1381
4650
5168
8054
5546
5935
3733
3158
6844
2728
6637
9820
5031
2090
7862
695
1219
8822
6871
1681
9517
310
7582
7650
6095
8525
8850
9658
2902
3851
917
6005
1521
2755
9377
2020
1136
1494
668
3778
3455
1010
809
9058
6545
3976
2198
4852
9038
3554
1618
4447
5921
4828
6313
8686
7202
4130
3955
5433
1171
8485
6669
8398
4669
7297
8868
1562
3799
1010
3602
8200
9875
7010
2357
4181
7028
1290
8812
3649
9864
5517
7908
1440
1848
3051
7796
702
7672
4204
3686
6014
5758
549
9466
2047
270
470
5048
5286
5529
3279
4845
1679
9575
7236
5530
6195
7737
7566
9267
1220
1590
4202
1992
9507
3387
5377
4997
3928
1203
2431
2062
696
5393
3219
3679
4898
2678
6392
4562
7203
226
6459
520
8425
8394
31
6066
4265
7495
6934
4645
5989
854
5995
9269
4065
3769
4189
2512
867
5509
9604
1310
5413
9424
3199
3823
7823
4448
1667
2738
3692
9791
3935
1823
8869
3464
6746
267
3305
4420
609
2431
8561
7573
5981
8984
7320
722
967
9075
4826
2490
6059
2194
1578
800
8464
2695
3765
2123
8437
9537
2962
2738
2690
8781
9445
4618
5431
6564
4063
159
5888
5894
2129
1991
2251
1424
8973
6320
5915
2569
935
892
6602
6836
7425
1546
8505
2011
9388
4529
9943
7996
7014
5292
4175
6510
4864
8309
7012
9597
5715
6613
7641
5979
5371
4216
2708
7614
9440
9339
75
7537
9678
1481
7947
4036
1841
745
7073
5538
9234
3567
8578
5179
6103
4995
7679
3979
2887
4028
3971
6783
946
5164
2310
5684
7850
6261
4375
1518
5561
112
9946
5188
2914
4701
8644
7095
707
5012
7422
4729
2366
7499
6446
5622
5706
6808
6193
5269
1605
3218
1533
7390
3542
8407
4399
6951
7918
6586
5200
4732
8811
7881
4606
5912
2407
846
1511
4139
5736
1477
55
6858
1522
6743
8417
7281
5979
1715
4784
3329
9208
690
1343
4107
8476
4374
5469
46
3113
7140
8364
3684
6018
649
5329
4285
845
2723
8565
942
5808
3260
2966
5657
4764
2163
7685
9981
3723
7828
1465
6239
6268
8538
7649
7120
4498
3270
5634
5447
3059
2901
9089
9332
2573
7535
7706
6581
5374
820
8456
6243
814
7454
4385
4447
9632
5860
3824
6361
6846
3990
559
5972
506
2557
5984
681
9221
6693
7552
8229
4871
3914
3940
9356
8143
3631
6262
784
3614
968
6396
9574
7987
5596
8025
1775
9788
4463
3344
5320
1327
5874
8572
9646
4076
1160
4348
2181
6708
9367
2924
4944
1049
9838
2637
2864
4882
7347
1576
9090
2191
4513
6593
1580
743
6654
820
9547
4171
4919
2749
7968
677
4596
2561
3293
3332
6791
6888
3723
7564
3371
1482
3013
9883
6984
2356
7581
8150
274
9901
2927
7761
977
7179
6840
20
2499
3175
3667
8648
2786
4092
6073
7903
7807
1004
8111
1111
9841
82
6194
1519
4865
2487
2604
8353
7854
4543
9549
9717
9531
5281
458
534
3226
7648
9191
8115
5889
1706
7167
161
3022
3035
3003
9971
3308
7168
9230
1504
5067
1419
5838
2519
3321
8724
1022
7526
3185
4213
5329
3485
2621
4173
6592
299
5136
8779
9551
5019
942
4489
5843
3379
3279
9401
7181
4769
5143
4978
6968
7131
507
581
3325
6314
3251
2993
9589
462
6490
1761
6689
3694
4783
2565
5495
4952
1759
5076
6239
7261
6119
8798
6392
9849
9689
233
8024
569
2210
7389
590
8918
8894
3124
5328
543
8432
7105
3035
2608
1095
7269
7811
5639
8850
5592
5600
1519
1990
9695
7798
9240
9699
1354
7044
9646
5161
5352
4398
7991
9363
7250
4571
8374
1574
6661
8593
7324
8641
3375
1375
4704
9688
7309
4980
8880
7595
9661
7112
9684
3729
1876
8319
7065
7760
1066
700
5524
167
5410
5561
4464
1011
677
7356
2362
4921
9543
6510
8344
8878
8618
4300
8179
6349
4254
8787
2957
8592
7067
2027
7811
1553
6875
5260
4894
4657
4277
561
9563
6036
2450
4610
1192
7228
2923
2614
379
9253
2040
8187
2442
1096
642
8060
3054
1102
8082
8823
5603
1565
3110
6633
1471
6877
8398
9771
3772
6000
2509
8269
2326
743
2963
4430
2615
2351
6743
3005
4327
250
25
22
5701
8432
7243
4847
8342
6949
683
879
3455
8242
5717
6524
4467
624
3528
9517
2966
4133
2703
4539
4501
7203
3440
6141
8370
6090
3266
6435
794
2868
1151
9775
4033
1931
7696
4681
4950
9412
2666
6641
5267
4710
7563
4108
2363
8385
161
3995
3807
6112
9970
2294
1060
4058
8435
44
7758
7123
5364
4818
5822
7754
3537
3139
8269
9779
6753
9796
1073
8579
2666
5888
7627
6268
685
8620
8503
8094
6935
2364
6023
4183
2827
2300
7902
8973
1115
9070
6705
9206
3520
5335
2189
166
6950
2816
1748
9029
1137
1523
103
3636
9150
1188
3163
4780
3604
8627
2540
186
5663
3761
6581
8762
947
1298
1008
4420
6322
4726
7222
9775
4200
10000
